299 0 1 0 7.3630 7.8943 0.0000
299 0 1 0 7.3490 7.8943 0.0000
299 0 1 0 7.3640 7.8943 0.0000
298 0 1 0 5.2980 8.1066 0.0000
298 0 1 0 5.5880 8.1066 0.0000
298 0 1 0 5.2590 8.1066 0.0000
297 0 1 0 5.0040 8.5215 0.0000
297 1 0 0 7.5800 8.5215 0.5000
297 1 0 0 7.5270 8.5215 0.5000
296 0 1 0 4.1340 8.1588 0.0000
296 1 0 0 7.2390 8.1588 0.5000
296 0 1 0 4.4140 8.1588 0.0000
295 1 0 0 8.9710 8.0522 0.5000
295 1 0 0 9.0440 8.0522 0.5000
295 0 1 0 5.1000 8.0522 0.0000
294 0 1 0 5.5890 8.3546 0.0000
294 1 0 0 8.7370 8.3546 0.5000
294 0 1 0 5.1770 8.3546 0.0000
293 1 0 0 9.2980 8.1166 0.5000
293 0 1 0 6.4740 8.1166 0.0000
293 1 0 0 8.8550 8.1166 0.5000
292 1 0 0 8.4200 8.3615 0.5000
292 1 0 0 11.9490 8.3615 0.5000
292 0 1 0 5.6140 8.3615 0.0000
291 1 0 0 6.1690 8.4414 0.5000
291 1 0 0 6.1100 8.4414 0.5000
291 1 0 0 6.2490 8.4414 0.5000
290 1 0 0 7.2590 8.2756 0.5000
290 1 0 0 7.0730 8.2756 0.5000
290 1 0 0 6.5890 8.2756 0.5000
289 0 1 0 8.4840 8.6135 0.0000
289 0 1 0 5.6410 8.6135 0.0000
289 0 1 0 8.5810 8.6135 0.0000
288 0 1 0 5.9500 8.7374 0.0000
288 0 1 0 6.0980 8.7374 0.0000
288 0 1 0 3.4920 8.7374 0.0000
287 0 1 0 4.6340 8.8475 0.0000
287 1 0 0 8.2020 8.8475 0.5000
287 1 0 0 8.1580 8.8475 0.5000
286 1 0 0 7.1130 8.9715 0.5000
286 1 0 0 7.4230 8.9715 0.5000
286 1 0 0 7.8960 8.9715 0.5000
285 0 1 0 5.1980 8.0789 0.0000
285 0 1 0 5.3080 8.0789 0.0000
285 0 1 0 4.3710 8.0789 0.0000
284 0 1 0 8.8260 7.9792 0.0000
284 0 1 0 4.4630 7.9792 0.0000
284 0 1 0 8.8770 7.9792 0.0000
283 0 1 0 5.6130 8.3117 0.0000
283 0 1 0 4.4260 8.3117 0.0000
283 0 1 0 3.5440 8.3117 0.0000
282 0 1 0 7.6890 8.4952 0.0000
282 0 1 0 7.2990 8.4952 0.0000
282 0 1 0 7.9960 8.4952 0.0000
281 0 1 0 7.7490 8.7492 0.0000
281 1 0 0 15.5100 8.7492 0.5000
281 0 1 0 7.8460 8.7492 0.0000
280 0 1 0 5.2220 8.8536 0.0000
280 0 1 0 5.3260 8.8536 0.0000
280 0 1 0 2.6560 8.8536 0.0000
279 1 0 0 6.7380 8.8454 0.5000
279 1 0 0 6.4020 8.8454 0.5000
279 1 0 0 6.3830 8.8454 0.5000
278 0 1 0 2.6930 7.9938 0.0000
278 0 1 0 2.7030 7.9938 0.0000
278 0 1 0 4.5850 7.9938 0.0000
277 0 1 0 6.5770 7.8863 0.0000
277 0 1 0 6.4220 7.8863 0.0000
277 0 1 0 6.4890 7.8863 0.0000
276 0 1 0 4.8850 8.7216 0.0000
276 0 1 0 5.4620 8.7216 0.0000
276 0 1 0 5.6920 8.7216 0.0000
275 0 1 0 5.6370 7.8943 0.0000
275 0 1 0 5.7840 7.8943 0.0000
275 0 1 0 4.3550 7.8943 0.0000
274 1 0 0 5.6180 8.1381 0.5000
274 1 0 0 5.6340 8.1381 0.5000
274 1 0 0 5.6230 8.1381 0.5000
273 0 1 0 4.5810 8.2953 0.0000
273 1 0 0 8.3200 8.2953 0.5000
273 0 1 0 8.5450 8.2953 0.0000
272 0 1 0 3.1650 7.8076 0.0000
272 0 1 0 3.2450 7.8076 0.0000
272 0 1 0 3.2400 7.8076 0.0000
271 0 1 0 5.3360 8.1654 0.0000
271 0 1 0 5.3880 8.1654 0.0000
271 0 1 0 5.3200 8.1654 0.0000
270 1 0 0 5.7110 8.3528 0.5000
270 1 0 0 5.7320 8.3528 0.5000
270 1 0 0 5.7500 8.3528 0.5000
269 1 0 0 7.9890 8.3235 0.5000
269 0 1 0 3.7120 8.3235 0.0000
269 1 0 0 7.2350 8.3235 0.5000
268 1 0 0 7.9220 7.9633 0.5000
268 1 0 0 8.2120 7.9633 0.5000
268 0 1 0 4.9300 7.9633 0.0000
267 1 0 0 7.1720 7.8513 0.5000
267 1 0 0 6.9930 7.8513 0.5000
267 0 1 0 3.5470 7.8513 0.0000
266 1 0 0 7.4610 9.0261 0.5000
266 1 0 0 6.1370 9.0261 0.5000
266 1 0 0 6.4680 9.0261 0.5000
265 0 1 0 7.9560 8.6869 0.0000
265 0 1 0 8.3120 8.6869 0.0000
265 0 1 0 7.8920 8.6869 0.0000
264 0 1 0 6.6770 8.4668 0.0000
264 0 1 0 6.7070 8.4668 0.0000
264 0 1 0 6.6980 8.4668 0.0000
263 0 1 0 5.5730 8.0851 0.0000
263 1 0 0 8.0320 8.0851 0.5000
263 1 0 0 8.3190 8.0851 0.5000
262 0 1 0 4.1360 7.9944 0.0000
262 0 1 0 4.7700 7.9944 0.0000
262 0 1 0 4.6000 7.9944 0.0000
261 1 0 0 6.8670 7.7656 0.5000
261 0 1 0 2.9900 7.7656 0.0000
261 0 1 0 3.0030 7.7656 0.0000
260 1 0 0 9.3070 8.1527 0.5000
260 0 1 0 5.2640 8.1527 0.0000
260 1 0 0 8.5730 8.1527 0.5000
259 1 0 0 9.5810 7.9560 0.5000
259 1 0 0 7.7220 7.9560 0.5000
259 0 1 0 3.3930 7.9560 0.0000
258 0 1 0 3.5970 9.2138 0.0000
258 0 1 0 3.6330 9.2138 0.0000
258 0 1 0 3.2800 9.2138 0.0000
257 1 0 0 5.8460 8.5552 0.5000
257 1 0 0 6.0720 8.5552 0.5000
257 1 0 0 6.0730 8.5552 0.5000
256 1 0 0 6.0990 7.7935 0.5000
256 0 1 0 4.7430 7.7935 0.0000
256 0 1 0 2.9840 7.7935 0.0000
255 0 1 0 5.9930 8.2343 0.0000
255 0 1 0 5.9720 8.2343 0.0000
255 0 1 0 5.8200 8.2343 0.0000
254 0 1 0 9.4330 8.3322 0.0000
254 0 1 0 8.3900 8.3322 0.0000
254 0 1 0 7.0220 8.3322 0.0000
253 1 0 0 6.8230 7.7807 0.5000
253 1 0 0 6.6600 7.7807 0.5000
253 1 0 0 7.0000 7.7807 0.5000
252 1 0 0 5.6230 7.6412 0.5000
252 1 0 0 5.6260 7.6412 0.5000
252 1 0 0 5.6540 7.6412 0.5000
251 1 0 0 5.6580 7.8992 0.5000
251 1 0 0 5.6600 7.8992 0.5000
251 1 0 0 5.6600 7.8992 0.5000
250 0 1 0 5.0020 7.7533 0.0000
250 0 1 0 5.7280 7.7533 0.0000
250 0 1 0 5.5530 7.7533 0.0000
249 1 0 0 6.9270 8.1320 0.5000
249 1 0 0 6.9530 8.1320 0.5000
249 1 0 0 7.1410 8.1320 0.5000
248 1 0 0 7.3110 7.9923 0.5000
248 0 1 0 4.9360 7.9923 0.0000
248 1 0 0 6.9970 7.9923 0.5000
247 1 0 0 5.9000 8.3974 0.5000
247 1 0 0 5.8850 8.3974 0.5000
247 1 0 0 5.8430 8.3974 0.5000
246 1 0 0 7.4570 7.9229 0.5000
246 1 0 0 7.0060 7.9229 0.5000
246 1 0 0 7.5260 7.9229 0.5000
245 0 1 0 5.8640 8.0073 0.0000
245 0 1 0 6.4930 8.0073 0.0000
245 0 1 0 6.8630 8.0073 0.0000
244 0 1 0 2.7160 7.8886 0.0000
244 0 1 0 2.7330 7.8886 0.0000
244 0 1 0 2.7250 7.8886 0.0000
243 0 1 0 7.1130 9.3565 0.0000
243 0 1 0 6.5000 9.3565 0.0000
243 0 1 0 8.4930 9.3565 0.0000
242 1 0 0 6.4410 7.8569 0.5000
242 1 0 0 6.3900 7.8569 0.5000
242 1 0 0 6.4610 7.8569 0.5000
241 0 1 0 3.8310 8.1083 0.0000
241 0 1 0 3.6160 8.1083 0.0000
241 0 1 0 3.8420 8.1083 0.0000
240 0 1 0 3.8260 8.8293 0.0000
240 0 1 0 3.2540 8.8293 0.0000
240 1 0 0 8.2190 8.8293 0.5000
239 1 0 0 7.1190 9.1256 0.5000
239 0 1 0 2.7370 9.1256 0.0000
239 1 0 0 6.8970 9.1256 0.5000
238 1 0 0 10.6810 8.2790 0.5000
238 1 0 0 9.8770 8.2790 0.5000
238 0 1 0 4.4740 8.2790 0.0000
237 1 0 0 6.5850 8.1846 0.5000
237 1 0 0 6.5110 8.1846 0.5000
237 1 0 0 6.6390 8.1846 0.5000
236 1 0 0 7.5540 7.8991 0.5000
236 1 0 0 7.5600 7.8991 0.5000
236 1 0 0 7.6400 7.8991 0.5000
235 1 0 0 6.6680 8.0172 0.5000
235 0 1 0 3.7110 8.0172 0.0000
235 0 1 0 2.4120 8.0172 0.0000
234 1 0 0 8.3180 7.8729 0.5000
234 1 0 0 6.9790 7.8729 0.5000
234 1 0 0 8.7110 7.8729 0.5000
233 1 0 0 5.5960 8.2097 0.5000
233 1 0 0 5.6420 8.2097 0.5000
233 1 0 0 5.6030 8.2097 0.5000
232 1 0 0 7.2190 8.5412 0.5000
232 1 0 0 7.5700 8.5412 0.5000
232 1 0 0 7.5900 8.5412 0.5000
231 0 1 0 6.0270 8.3411 0.0000
231 0 1 0 6.1790 8.3411 0.0000
231 1 0 0 9.2770 8.3411 0.5000
230 1 0 0 7.1660 8.1117 0.5000
230 1 0 0 7.0620 8.1117 0.5000
230 1 0 0 7.4950 8.1117 0.5000
229 1 0 0 8.6240 7.7993 0.5000
229 1 0 0 8.8470 7.7993 0.5000
229 1 0 0 9.0840 7.7993 0.5000
228 0 1 0 5.8650 8.7277 0.0000
228 0 1 0 5.5980 8.7277 0.0000
228 0 1 0 5.6120 8.7277 0.0000
227 1 0 0 6.3180 7.8473 0.5000
227 1 0 0 6.2750 7.8473 0.5000
227 1 0 0 6.4020 7.8473 0.5000
226 1 0 0 5.6930 7.8942 0.5000
226 1 0 0 5.7190 7.8942 0.5000
226 1 0 0 5.7110 7.8942 0.5000
225 1 0 0 5.6370 7.8481 0.5000
225 1 0 0 5.6870 7.8481 0.5000
225 1 0 0 5.6000 7.8481 0.5000
224 0 1 0 4.6670 7.9252 0.0000
224 0 1 0 4.6640 7.9252 0.0000
224 0 1 0 4.9070 7.9252 0.0000
223 1 0 0 6.3050 7.8783 0.5000
223 1 0 0 6.7510 7.8783 0.5000
223 1 0 0 6.4760 7.8783 0.5000
222 0 1 0 5.5700 8.0216 0.0000
222 1 0 0 8.3260 8.0216 0.5000
222 0 1 0 5.4710 8.0216 0.0000
221 0 1 0 4.5240 8.6512 0.0000
221 1 0 0 9.5620 8.6512 0.5000
221 1 0 0 6.5500 8.6512 0.5000
220 0 1 0 3.2080 8.0888 0.0000
220 0 1 0 3.0110 8.0888 0.0000
220 0 1 0 3.1000 8.0888 0.0000
219 0 1 0 6.3660 8.5526 0.0000
219 0 1 0 6.3660 8.5526 0.0000
219 0 1 0 6.2440 8.5526 0.0000
218 1 0 0 6.1400 8.0828 0.5000
218 1 0 0 5.9650 8.0828 0.5000
218 1 0 0 5.8430 8.0828 0.5000
217 1 0 0 9.9960 8.0196 0.5000
217 0 1 0 4.6540 8.0196 0.0000
217 1 0 0 10.2410 8.0196 0.5000
216 0 1 0 7.2220 8.0817 0.0000
216 0 1 0 5.9520 8.0817 0.0000
216 0 1 0 2.8960 8.0817 0.0000
215 0 1 0 4.0290 8.0547 0.0000
215 1 0 0 7.4650 8.0547 0.5000
215 1 0 0 7.3460 8.0547 0.5000
214 0 1 0 4.4210 8.4522 0.0000
214 0 1 0 4.5960 8.4522 0.0000
214 0 1 0 4.7220 8.4522 0.0000
213 1 0 0 5.9230 7.7458 0.5000
213 1 0 0 5.7520 7.7458 0.5000
213 1 0 0 5.7960 7.7458 0.5000
212 1 0 0 5.6060 7.9827 0.5000
212 1 0 0 5.6010 7.9827 0.5000
212 1 0 0 5.6470 7.9827 0.5000
211 1 0 0 5.6220 7.7384 0.5000
211 1 0 0 5.6160 7.7384 0.5000
211 1 0 0 5.7130 7.7384 0.5000
210 1 0 0 7.6210 7.7725 0.5000
210 0 1 0 6.0940 7.7725 0.0000
210 1 0 0 7.8450 7.7725 0.5000
209 0 1 0 1.7150 8.2509 0.0000
209 1 0 0 5.8270 8.2509 0.5000
209 0 1 0 1.6860 8.2509 0.0000
208 0 1 0 4.5770 8.3808 0.0000
208 1 0 0 7.6530 8.3808 0.5000
208 1 0 0 7.7570 8.3808 0.5000
207 0 1 0 6.2120 7.9796 0.0000
207 0 1 0 8.1520 7.9796 0.0000
207 0 1 0 7.0560 7.9796 0.0000
206 1 0 0 8.3810 8.2363 0.5000
206 1 0 0 8.3450 8.2363 0.5000
206 0 1 0 3.6520 8.2363 0.0000
205 1 0 0 7.4900 8.0101 0.5000
205 1 0 0 6.1680 8.0101 0.5000
205 1 0 0 6.1320 8.0101 0.5000
204 0 1 0 4.1360 9.3316 0.0000
204 0 1 0 4.2430 9.3316 0.0000
204 1 0 0 6.7880 9.3316 0.5000
203 0 1 0 5.8410 8.1183 0.0000
203 0 1 0 5.3920 8.1183 0.0000
203 1 0 0 7.9360 8.1183 0.5000
202 1 0 0 6.1000 7.7193 0.5000
202 1 0 0 6.0880 7.7193 0.5000
202 1 0 0 6.2790 7.7193 0.5000
201 1 0 0 6.2580 9.1857 0.5000
201 1 0 0 6.3640 9.1857 0.5000
201 1 0 0 6.2670 9.1857 0.5000
200 1 0 0 5.9400 7.8225 0.5000
200 1 0 0 5.8560 7.8225 0.5000
200 0 1 0 2.6270 7.8225 0.0000
199 1 0 0 7.4050 8.4647 0.5000
199 1 0 0 8.0420 8.4647 0.5000
199 1 0 0 7.0610 8.4647 0.5000
198 1 0 0 5.6820 8.1335 0.5000
198 1 0 0 5.6570 8.1335 0.5000
198 1 0 0 5.6090 8.1335 0.5000
197 0 1 0 3.5580 7.9041 0.0000
197 0 1 0 5.6620 7.9041 0.0000
197 0 1 0 3.2710 7.9041 0.0000
196 1 0 0 6.7900 7.8055 0.5000
196 1 0 0 7.2140 7.8055 0.5000
196 1 0 0 6.8460 7.8055 0.5000
195 1 0 0 6.5550 7.9816 0.5000
195 0 1 0 2.8280 7.9816 0.0000
195 1 0 0 6.5720 7.9816 0.5000
194 0 1 0 5.1090 7.9141 0.0000
194 0 1 0 4.5530 7.9141 0.0000
194 1 0 0 7.8470 7.9141 0.5000
193 1 0 0 6.1660 7.8801 0.5000
193 0 1 0 7.2070 7.8801 0.0000
193 1 0 0 5.8700 7.8801 0.5000
192 1 0 0 7.5080 8.0540 0.5000
192 1 0 0 7.5140 8.0540 0.5000
192 1 0 0 8.4810 8.0540 0.5000
191 0 1 0 5.5800 8.5544 0.0000
191 0 1 0 5.6070 8.5544 0.0000
191 0 1 0 5.6230 8.5544 0.0000
190 1 0 0 7.4630 7.9549 0.5000
190 1 0 0 7.2490 7.9549 0.5000
190 1 0 0 7.3310 7.9549 0.5000
189 1 0 0 5.8570 7.8867 0.5000
189 1 0 0 5.8380 7.8867 0.5000
189 1 0 0 5.8380 7.8867 0.5000
188 0 1 0 6.8080 8.0758 0.0000
188 0 1 0 6.3520 8.0758 0.0000
188 0 1 0 6.9640 8.0758 0.0000
187 1 0 0 6.2580 7.9598 0.5000
187 1 0 0 6.1220 7.9598 0.5000
187 1 0 0 6.2410 7.9598 0.5000
186 1 0 0 8.2130 8.3575 0.5000
186 0 1 0 6.0550 8.3575 0.0000
186 1 0 0 8.4360 8.3575 0.5000
185 0 1 0 4.5660 8.0579 0.0000
185 1 0 0 6.8100 8.0579 0.5000
185 0 1 0 5.1040 8.0579 0.0000
184 1 0 0 8.6540 8.5925 0.5000
184 1 0 0 8.5180 8.5925 0.5000
184 0 1 0 5.3100 8.5925 0.0000
183 1 0 0 8.2060 7.9435 0.5000
183 1 0 0 7.7330 7.9435 0.5000
183 1 0 0 8.2630 7.9435 0.5000
182 0 1 0 5.0080 7.8242 0.0000
182 0 1 0 4.6470 7.8242 0.0000
182 0 1 0 6.2740 7.8242 0.0000
181 0 1 0 4.3690 8.5661 0.0000
181 0 1 0 4.5710 8.5661 0.0000
181 0 1 0 4.8050 8.5661 0.0000
180 0 1 0 5.8660 8.1770 0.0000
180 0 1 0 6.0480 8.1770 0.0000
180 1 0 0 9.9540 8.1770 0.5000
179 0 1 0 5.9390 7.9033 0.0000
179 0 1 0 5.9090 7.9033 0.0000
179 0 1 0 5.6170 7.9033 0.0000
178 1 0 0 6.3690 7.9380 0.5000
178 1 0 0 5.9160 7.9380 0.5000
178 1 0 0 6.2480 7.9380 0.5000
177 1 0 0 5.7170 9.1208 0.5000
177 1 0 0 5.8150 9.1208 0.5000
177 1 0 0 5.7130 9.1208 0.5000
176 0 1 0 5.5960 7.9041 0.0000
176 0 1 0 5.6150 7.9041 0.0000
176 0 1 0 5.3750 7.9041 0.0000
175 1 0 0 9.3280 8.1769 0.5000
175 0 1 0 4.7230 8.1769 0.0000
175 1 0 0 9.5890 8.1769 0.5000
174 1 0 0 6.0270 7.8371 0.5000
174 1 0 0 7.3880 7.8371 0.5000
174 1 0 0 6.1270 7.8371 0.5000
173 1 0 0 6.3000 7.7193 0.5000
173 0 1 0 4.3000 7.7193 0.0000
173 0 1 0 4.3290 7.7193 0.0000
172 1 0 0 7.1730 7.8436 0.5000
172 1 0 0 5.9210 7.8436 0.5000
172 1 0 0 6.4700 7.8436 0.5000
171 1 0 0 8.8330 8.1017 0.5000
171 1 0 0 8.2920 8.1017 0.5000
171 0 1 0 6.3540 8.1017 0.0000
170 1 0 0 5.6230 8.5370 0.5000
170 1 0 0 5.6560 8.5370 0.5000
170 1 0 0 5.6570 8.5370 0.5000
169 1 0 0 5.6370 7.9483 0.5000
169 1 0 0 5.6510 7.9483 0.5000
169 1 0 0 5.6280 7.9483 0.5000
168 0 1 0 3.0130 8.2366 0.0000
168 0 1 0 2.8340 8.2366 0.0000
168 0 1 0 2.7420 8.2366 0.0000
167 0 1 0 1.3750 8.5229 0.0000
167 0 1 0 2.6940 8.5229 0.0000
167 1 0 0 8.0780 8.5229 0.5000
166 1 0 0 7.6020 7.6616 0.5000
166 1 0 0 7.6050 7.6616 0.5000
166 0 1 0 3.0830 7.6616 0.0000
165 0 1 0 4.2870 7.8863 0.0000
165 0 1 0 4.2710 7.8863 0.0000
165 1 0 0 7.6370 7.8863 0.5000
164 1 0 0 5.6940 8.6209 0.5000
164 1 0 0 5.7210 8.6209 0.5000
164 1 0 0 5.6380 8.6209 0.5000
163 0 1 0 5.5620 8.2331 0.0000
163 0 1 0 5.4810 8.2331 0.0000
163 0 1 0 5.2290 8.2331 0.0000
162 1 0 0 6.6540 7.9140 0.5000
162 1 0 0 6.5020 7.9140 0.5000
162 1 0 0 6.5640 7.9140 0.5000
161 1 0 0 6.2460 7.9445 0.5000
161 1 0 0 5.7360 7.9445 0.5000
161 1 0 0 5.6200 7.9445 0.5000
160 1 0 0 6.1140 8.1290 0.5000
160 1 0 0 6.1390 8.1290 0.5000
160 1 0 0 6.0310 8.1290 0.5000
159 1 0 0 5.6080 8.1268 0.5000
159 1 0 0 5.6040 8.1268 0.5000
159 1 0 0 5.6000 8.1268 0.5000
158 1 0 0 5.7410 7.8738 0.5000
158 1 0 0 5.7370 7.8738 0.5000
158 1 0 0 5.7500 7.8738 0.5000
157 1 0 0 7.1220 8.7112 0.5000
157 1 0 0 6.7970 8.7112 0.5000
157 1 0 0 6.8150 8.7112 0.5000
156 1 0 0 5.6210 7.6779 0.5000
156 1 0 0 5.6270 7.6779 0.5000
156 1 0 0 5.6310 7.6779 0.5000
155 1 0 0 5.6650 7.8592 0.5000
155 1 0 0 5.6680 7.8592 0.5000
155 1 0 0 5.6200 7.8592 0.5000
154 1 0 0 7.0360 7.8169 0.5000
154 1 0 0 8.6540 7.8169 0.5000
154 1 0 0 8.7930 7.8169 0.5000
153 0 1 0 4.8640 8.3175 0.0000
153 1 0 0 7.7740 8.3175 0.5000
153 1 0 0 7.4280 8.3175 0.5000
152 1 0 0 6.6600 8.1617 0.5000
152 1 0 0 6.7200 8.1617 0.5000
152 1 0 0 6.7860 8.1617 0.5000
151 1 0 0 6.6440 7.9335 0.5000
151 0 1 0 4.1200 7.9335 0.0000
151 1 0 0 6.5160 7.9335 0.5000
150 0 1 0 9.2910 7.9223 0.0000
150 0 1 0 9.7260 7.9223 0.0000
150 0 1 0 4.4390 7.9223 0.0000
149 1 0 0 6.4050 8.5702 0.5000
149 1 0 0 7.1970 8.5702 0.5000
149 1 0 0 7.2020 8.5702 0.5000
148 1 0 0 5.8470 7.9772 0.5000
148 1 0 0 5.9110 7.9772 0.5000
148 1 0 0 5.8220 7.9772 0.5000
147 1 0 0 5.6370 8.0566 0.5000
147 1 0 0 6.2020 8.0566 0.5000
147 1 0 0 5.6850 8.0566 0.5000
146 1 0 0 6.5840 8.2562 0.5000
146 1 0 0 6.3430 8.2562 0.5000
146 1 0 0 6.4840 8.2562 0.5000
145 1 0 0 5.6160 7.9406 0.5000
145 1 0 0 5.6300 7.9406 0.5000
145 1 0 0 5.6390 7.9406 0.5000
144 1 0 0 7.8960 7.9683 0.5000
144 1 0 0 7.8720 7.9683 0.5000
144 1 0 0 8.0120 7.9683 0.5000
143 1 0 0 7.9820 8.1052 0.5000
143 1 0 0 8.0600 8.1052 0.5000
143 1 0 0 7.8970 8.1052 0.5000
142 1 0 0 8.2840 8.0336 0.5000
142 1 0 0 8.2700 8.0336 0.5000
142 1 0 0 5.8980 8.0336 0.5000
141 1 0 0 5.5990 8.0581 0.5000
141 1 0 0 5.6110 8.0581 0.5000
141 1 0 0 5.7140 8.0581 0.5000
140 0 1 0 5.5590 7.8845 0.0000
140 1 0 0 7.5210 7.8845 0.5000
140 0 1 0 5.9440 7.8845 0.0000
139 1 0 0 5.5920 7.6318 0.5000
139 1 0 0 5.6060 7.6318 0.5000
139 1 0 0 5.5810 7.6318 0.5000
138 0 1 0 5.0640 9.0486 0.0000
138 0 1 0 5.0890 9.0486 0.0000
138 0 1 0 5.4090 9.0486 0.0000
137 1 0 0 9.5750 7.9894 0.5000
137 1 0 0 9.8370 7.9894 0.5000
137 0 1 0 5.6550 7.9894 0.0000
136 1 0 0 6.0800 7.9794 0.5000
136 1 0 0 6.3580 7.9794 0.5000
136 1 0 0 6.0570 7.9794 0.5000
135 0 1 0 4.6670 7.8433 0.0000
135 0 1 0 4.9820 7.8433 0.0000
135 1 0 0 6.9900 7.8433 0.5000
134 1 0 0 6.0780 7.8535 0.5000
134 1 0 0 6.0180 7.8535 0.5000
134 1 0 0 6.1750 7.8535 0.5000
133 1 0 0 5.6600 7.8878 0.5000
133 1 0 0 5.6440 7.8878 0.5000
133 1 0 0 5.7030 7.8878 0.5000
132 0 1 0 3.6800 7.8821 0.0000
132 0 1 0 3.6040 7.8821 0.0000
132 0 1 0 3.6310 7.8821 0.0000
131 1 0 0 5.6160 8.9195 0.5000
131 1 0 0 5.6000 8.9195 0.5000
131 1 0 0 5.6240 8.9195 0.5000
130 1 0 0 5.8190 8.0658 0.5000
130 1 0 0 5.6870 8.0658 0.5000
130 1 0 0 5.7020 8.0658 0.5000
129 1 0 0 6.6520 8.2893 0.5000
129 1 0 0 6.6380 8.2893 0.5000
129 0 1 0 4.2570 8.2893 0.0000
128 1 0 0 5.5840 7.9857 0.5000
128 1 0 0 5.6280 7.9857 0.5000
128 1 0 0 5.6260 7.9857 0.5000
127 0 1 0 5.5940 8.1692 0.0000
127 0 1 0 5.5270 8.1692 0.0000
127 0 1 0 4.8440 8.1692 0.0000
126 0 1 0 5.1780 7.9794 0.0000
126 0 1 0 5.0970 7.9794 0.0000
126 0 1 0 5.1810 7.9794 0.0000
125 1 0 0 6.0590 7.9724 0.5000
125 1 0 0 6.0310 7.9724 0.5000
125 1 0 0 6.0710 7.9724 0.5000
124 0 1 0 5.3320 8.8665 0.0000
124 0 1 0 4.3710 8.8665 0.0000
124 1 0 0 7.5880 8.8665 0.5000
123 1 0 0 8.9430 8.1178 0.5000
123 0 1 0 4.9740 8.1178 0.0000
123 1 0 0 8.9790 8.1178 0.5000
122 1 0 0 5.8190 8.1767 0.5000
122 1 0 0 5.7040 8.1767 0.5000
122 1 0 0 6.0470 8.1767 0.5000
121 1 0 0 7.1390 8.2653 0.5000
121 0 1 0 4.2310 8.2653 0.0000
121 1 0 0 7.1890 8.2653 0.5000
120 1 0 0 7.9310 8.1746 0.5000
120 0 1 0 3.5350 8.1746 0.0000
120 0 1 0 4.1950 8.1746 0.0000
119 1 0 0 8.0970 8.5615 0.5000
119 1 0 0 7.5910 8.5615 0.5000
119 0 1 0 4.6520 8.5615 0.0000
118 0 1 0 2.3530 8.1824 0.0000
118 0 1 0 7.8950 8.1824 0.0000
118 0 1 0 8.5270 8.1824 0.0000
117 1 0 0 10.2880 8.4771 0.5000
117 1 0 0 10.6760 8.4771 0.5000
117 1 0 0 10.1820 8.4771 0.5000
116 1 0 0 6.1700 7.7156 0.5000
116 1 0 0 5.9780 7.7156 0.5000
116 1 0 0 5.9630 7.7156 0.5000
115 1 0 0 6.1640 7.9910 0.5000
115 1 0 0 6.1560 7.9910 0.5000
115 1 0 0 6.1850 7.9910 0.5000
114 0 1 0 6.7150 8.7138 0.0000
114 0 1 0 2.8490 8.7138 0.0000
114 0 1 0 7.2680 8.7138 0.0000
113 1 0 0 8.0780 8.1481 0.5000
113 0 1 0 5.4060 8.1481 0.0000
113 0 1 0 5.4800 8.1481 0.0000
112 1 0 0 7.0620 8.4223 0.5000
112 1 0 0 6.4810 8.4223 0.5000
112 1 0 0 6.5790 8.4223 0.5000
111 0 1 0 16.1680 9.1523 0.0000
111 0 1 0 4.1750 9.1523 0.0000
111 0 1 0 4.8470 9.1523 0.0000
110 1 0 0 5.8130 8.2940 0.5000
110 1 0 0 5.9010 8.2940 0.5000
110 1 0 0 5.8030 8.2940 0.5000
109 1 0 0 5.9650 8.1010 0.5000
109 1 0 0 5.8780 8.1010 0.5000
109 1 0 0 5.9870 8.1010 0.5000
108 1 0 0 5.6230 7.8203 0.5000
108 1 0 0 5.6230 7.8203 0.5000
108 1 0 0 5.6350 7.8203 0.5000
107 0 1 0 3.3250 8.4351 0.0000
107 1 0 0 5.7320 8.4351 0.5000
107 1 0 0 5.5980 8.4351 0.5000
106 1 0 0 6.6970 8.0814 0.5000
106 0 1 0 1.7230 8.0814 0.0000
106 0 1 0 4.6530 8.0814 0.0000
105 0 1 0 3.9060 8.0305 0.0000
105 0 1 0 5.9180 8.0305 0.0000
105 0 1 0 5.9710 8.0305 0.0000
104 1 0 0 6.4320 8.0377 0.5000
104 0 1 0 4.4730 8.0377 0.0000
104 0 1 0 3.6220 8.0377 0.0000
103 0 1 0 6.4480 8.0334 0.0000
103 1 0 0 9.7680 8.0334 0.5000
103 1 0 0 9.7210 8.0334 0.5000
102 1 0 0 5.8300 7.7503 0.5000
102 1 0 0 5.8630 7.7503 0.5000
102 1 0 0 7.2380 7.7503 0.5000
101 1 0 0 5.6350 7.5407 0.5000
101 1 0 0 5.6150 7.5407 0.5000
101 1 0 0 5.6420 7.5407 0.5000
100 1 0 0 6.1890 7.8551 0.5000
100 1 0 0 6.3520 7.8551 0.5000
100 1 0 0 6.0790 7.8551 0.5000
99 0 1 0 5.0200 8.1238 0.0000
99 0 1 0 5.2950 8.1238 0.0000
99 0 1 0 6.0950 8.1238 0.0000
98 1 0 0 6.4520 7.8888 0.5000
98 1 0 0 6.2510 7.8888 0.5000
98 0 1 0 1.5560 7.8888 0.0000
97 1 0 0 5.7330 7.7844 0.5000
97 1 0 0 5.7030 7.7844 0.5000
97 1 0 0 6.9980 7.7844 0.5000
96 1 0 0 5.6380 8.0041 0.5000
96 1 0 0 5.6530 8.0041 0.5000
96 1 0 0 5.6800 8.0041 0.5000
95 1 0 0 5.6420 7.7005 0.5000
95 1 0 0 5.5870 7.7005 0.5000
95 1 0 0 5.5480 7.7005 0.5000
94 1 0 0 5.5990 7.5209 0.5000
94 1 0 0 5.6020 7.5209 0.5000
94 1 0 0 5.5480 7.5209 0.5000
93 1 0 0 5.6220 7.7830 0.5000
93 1 0 0 5.6260 7.7830 0.5000
93 1 0 0 5.6070 7.7830 0.5000
92 1 0 0 5.8720 7.6940 0.5000
92 1 0 0 5.8790 7.6940 0.5000
92 1 0 0 5.6590 7.6940 0.5000
91 1 0 0 6.4190 8.1617 0.5000
91 1 0 0 6.1060 8.1617 0.5000
91 1 0 0 5.9800 8.1617 0.5000
90 1 0 0 5.6140 7.9466 0.5000
90 1 0 0 5.6400 7.9466 0.5000
90 1 0 0 5.6200 7.9466 0.5000
89 1 0 0 5.6280 8.0393 0.5000
89 1 0 0 5.6030 8.0393 0.5000
89 1 0 0 5.6550 8.0393 0.5000
88 1 0 0 5.6270 7.7476 0.5000
88 1 0 0 5.6020 7.7476 0.5000
88 1 0 0 5.6530 7.7476 0.5000
87 1 0 0 5.6060 7.9960 0.5000
87 1 0 0 5.6240 7.9960 0.5000
87 1 0 0 5.6370 7.9960 0.5000
86 1 0 0 6.5520 7.9096 0.5000
86 1 0 0 7.4710 7.9096 0.5000
86 1 0 0 7.4080 7.9096 0.5000
85 0 1 0 5.4150 7.9264 0.0000
85 0 1 0 5.5740 7.9264 0.0000
85 0 1 0 5.5040 7.9264 0.0000
84 1 0 0 5.6450 7.8991 0.5000
84 1 0 0 5.6290 7.8991 0.5000
84 1 0 0 5.6040 7.8991 0.5000
83 1 0 0 6.4930 8.8306 0.5000
83 1 0 0 6.6760 8.8306 0.5000
83 0 1 0 4.1550 8.8306 0.0000
82 1 0 0 5.7100 9.1396 0.5000
82 1 0 0 5.9180 9.1396 0.5000
82 1 0 0 6.2010 9.1396 0.5000
81 1 0 0 6.1700 7.7123 0.5000
81 1 0 0 5.8590 7.7123 0.5000
81 1 0 0 6.4800 7.7123 0.5000
80 0 1 0 3.3140 8.0481 0.0000
80 0 1 0 6.0270 8.0481 0.0000
80 0 1 0 5.2010 8.0481 0.0000
79 1 0 0 5.6330 7.8461 0.5000
79 1 0 0 5.6480 7.8461 0.5000
79 1 0 0 5.6110 7.8461 0.5000
78 0 1 0 3.8950 9.0217 0.0000
78 1 0 0 7.2810 9.0217 0.5000
78 0 1 0 4.7990 9.0217 0.0000
77 1 0 0 5.6050 7.8372 0.5000
77 1 0 0 5.6190 7.8372 0.5000
77 1 0 0 5.6020 7.8372 0.5000
76 1 0 0 5.7340 7.8180 0.5000
76 1 0 0 5.7300 7.8180 0.5000
76 1 0 0 5.7200 7.8180 0.5000
75 1 0 0 5.5410 7.8305 0.5000
75 1 0 0 5.5850 7.8305 0.5000
75 1 0 0 5.5700 7.8305 0.5000
74 1 0 0 5.8070 8.5940 0.5000
74 1 0 0 5.7050 8.5940 0.5000
74 1 0 0 5.7290 8.5940 0.5000
73 1 0 0 6.4720 8.2208 0.5000
73 1 0 0 6.4250 8.2208 0.5000
73 1 0 0 6.4480 8.2208 0.5000
72 1 0 0 5.5420 7.7543 0.5000
72 1 0 0 5.5970 7.7543 0.5000
72 1 0 0 5.6320 7.7543 0.5000
71 1 0 0 5.6150 7.8322 0.5000
71 1 0 0 5.6240 7.8322 0.5000
71 1 0 0 5.6120 7.8322 0.5000
70 1 0 0 5.6730 7.9155 0.5000
70 1 0 0 6.1000 7.9155 0.5000
70 1 0 0 5.6760 7.9155 0.5000
69 1 0 0 5.9480 8.1977 0.5000
69 1 0 0 6.0340 8.1977 0.5000
69 1 0 0 5.9700 8.1977 0.5000
68 1 0 0 5.7360 8.2917 0.5000
68 1 0 0 5.6290 8.2917 0.5000
68 1 0 0 5.6050 8.2917 0.5000
67 1 0 0 5.5980 7.6937 0.5000
67 1 0 0 5.6250 7.6937 0.5000
67 1 0 0 5.6180 7.6937 0.5000
66 0 1 0 5.2280 7.8316 0.0000
66 1 0 0 9.1660 7.8316 0.5000
66 1 0 0 8.9150 7.8316 0.5000
65 1 0 0 5.5990 8.4451 0.5000
65 1 0 0 5.6450 8.4451 0.5000
65 1 0 0 5.6230 8.4451 0.5000
64 1 0 0 6.7770 7.9270 0.5000
64 1 0 0 6.5660 7.9270 0.5000
64 1 0 0 6.8240 7.9270 0.5000
63 1 0 0 6.0400 7.7779 0.5000
63 1 0 0 6.8510 7.7779 0.5000
63 0 1 0 2.1040 7.7779 0.0000
62 0 1 0 4.8970 8.3808 0.0000
62 0 1 0 5.3150 8.3808 0.0000
62 0 1 0 5.5520 8.3808 0.0000
61 1 0 0 5.6070 7.9289 0.5000
61 1 0 0 5.6100 7.9289 0.5000
61 1 0 0 5.6330 7.9289 0.5000
60 1 0 0 5.6060 7.9057 0.5000
60 1 0 0 5.6280 7.9057 0.5000
60 1 0 0 5.6000 7.9057 0.5000
59 1 0 0 5.7380 8.1423 0.5000
59 1 0 0 5.8410 8.1423 0.5000
59 1 0 0 5.7390 8.1423 0.5000
58 0 1 0 6.1550 8.9805 0.0000
58 0 1 0 7.0110 8.9805 0.0000
58 0 1 0 4.0440 8.9805 0.0000
57 1 0 0 6.2330 7.8134 0.5000
57 1 0 0 5.7230 7.8134 0.5000
57 1 0 0 5.7150 7.8134 0.5000
56 1 0 0 5.9440 7.7156 0.5000
56 1 0 0 6.0230 7.7156 0.5000
56 1 0 0 6.0060 7.7156 0.5000
55 0 1 0 1.7970 8.5876 0.0000
55 0 1 0 4.4150 8.5876 0.0000
55 1 0 0 6.4610 8.5876 0.5000
54 1 0 0 5.6200 7.9491 0.5000
54 1 0 0 5.6160 7.9491 0.5000
54 1 0 0 5.5770 7.9491 0.5000
53 1 0 0 5.6200 7.8473 0.5000
53 1 0 0 5.6910 7.8473 0.5000
53 1 0 0 5.6260 7.8473 0.5000
52 0 1 0 3.8160 7.8009 0.0000
52 1 0 0 6.1080 7.8009 0.5000
52 1 0 0 5.8100 7.8009 0.5000
51 1 0 0 5.6220 7.9923 0.5000
51 1 0 0 5.6200 7.9923 0.5000
51 0 1 0 3.4190 7.9923 0.0000
50 1 0 0 6.3260 8.6067 0.5000
50 1 0 0 6.2750 8.6067 0.5000
50 0 1 0 4.3750 8.6067 0.0000
49 1 0 0 6.5540 8.3051 0.5000
49 1 0 0 6.5050 8.3051 0.5000
49 0 1 0 3.3530 8.3051 0.0000
48 0 1 0 2.9740 8.1198 0.0000
48 0 1 0 3.3840 8.1198 0.0000
48 1 0 0 7.6380 8.1198 0.5000
47 1 0 0 5.6590 7.8125 0.5000
47 1 0 0 5.6190 7.8125 0.5000
47 1 0 0 5.6110 7.8125 0.5000
46 1 0 0 6.5240 7.7710 0.5000
46 1 0 0 6.5330 7.7710 0.5000
46 1 0 0 6.3400 7.7710 0.5000
45 0 1 0 1.7790 8.4464 0.0000
45 1 0 0 7.5020 8.4464 0.5000
45 0 1 0 1.8850 8.4464 0.0000
44 1 0 0 5.6460 8.4001 0.5000
44 1 0 0 5.6430 8.4001 0.5000
44 1 0 0 5.6730 8.4001 0.5000
43 1 0 0 6.3020 8.0669 0.5000
43 1 0 0 6.3250 8.0669 0.5000
43 1 0 0 6.3220 8.0669 0.5000
42 1 0 0 5.5790 8.0423 0.5000
42 1 0 0 5.5830 8.0423 0.5000
42 1 0 0 5.5940 8.0423 0.5000
41 1 0 0 5.6440 7.8746 0.5000
41 1 0 0 5.6290 7.8746 0.5000
41 1 0 0 5.5960 7.8746 0.5000
40 1 0 0 5.6140 7.8574 0.5000
40 1 0 0 5.5830 7.8574 0.5000
40 1 0 0 5.5820 7.8574 0.5000
39 1 0 0 5.5680 8.0287 0.5000
39 1 0 0 5.6280 8.0287 0.5000
39 1 0 0 5.6210 8.0287 0.5000
38 1 0 0 6.9200 8.3833 0.5000
38 1 0 0 7.2480 8.3833 0.5000
38 1 0 0 6.9570 8.3833 0.5000
37 1 0 0 6.4020 8.1582 0.5000
37 1 0 0 6.2550 8.1582 0.5000
37 1 0 0 6.2740 8.1582 0.5000
36 1 0 0 5.5980 7.7655 0.5000
36 1 0 0 5.5710 7.7655 0.5000
36 1 0 0 5.6070 7.7655 0.5000
35 1 0 0 5.5740 7.9484 0.5000
35 1 0 0 5.6100 7.9484 0.5000
35 1 0 0 5.5970 7.9484 0.5000
34 1 0 0 5.7280 7.9460 0.5000
34 1 0 0 5.8090 7.9460 0.5000
34 1 0 0 5.8230 7.9460 0.5000
33 0 1 0 6.7310 8.7517 0.0000
33 0 1 0 6.4900 8.7517 0.0000
33 0 1 0 6.6770 8.7517 0.0000
32 1 0 0 5.6240 8.1038 0.5000
32 1 0 0 5.6190 8.1038 0.5000
32 1 0 0 5.5430 8.1038 0.5000
31 1 0 0 5.5740 7.9322 0.5000
31 1 0 0 5.5910 7.9322 0.5000
31 1 0 0 5.5870 7.9322 0.5000
30 0 1 0 4.4350 8.4118 0.0000
30 1 0 0 7.8660 8.4118 0.5000
30 1 0 0 7.8870 8.4118 0.5000
29 1 0 0 5.8660 8.3082 0.5000
29 1 0 0 5.7870 8.3082 0.5000
29 1 0 0 5.7160 8.3082 0.5000
28 1 0 0 5.6300 7.9034 0.5000
28 1 0 0 5.6050 7.9034 0.5000
28 1 0 0 5.5690 7.9034 0.5000
27 1 0 0 5.5730 8.2087 0.5000
27 1 0 0 5.5780 8.2087 0.5000
27 1 0 0 5.5670 8.2087 0.5000
26 1 0 0 5.6050 8.2018 0.5000
26 1 0 0 5.6790 8.2018 0.5000
26 1 0 0 5.6080 8.2018 0.5000
25 1 0 0 5.5910 8.4024 0.5000
25 1 0 0 5.5880 8.4024 0.5000
25 1 0 0 5.6310 8.4024 0.5000
24 1 0 0 6.0910 8.6556 0.5000
24 1 0 0 6.1110 8.6556 0.5000
24 1 0 0 6.0970 8.6556 0.5000
23 1 0 0 6.1590 8.2098 0.5000
23 1 0 0 6.4810 8.2098 0.5000
23 1 0 0 6.6120 8.2098 0.5000
22 1 0 0 5.6790 8.3342 0.5000
22 1 0 0 5.8830 8.3342 0.5000
22 1 0 0 5.8260 8.3342 0.5000
21 1 0 0 6.0000 8.2299 0.5000
21 1 0 0 5.7970 8.2299 0.5000
21 1 0 0 5.9550 8.2299 0.5000
20 1 0 0 5.5910 8.0363 0.5000
20 1 0 0 5.6540 8.0363 0.5000
20 1 0 0 5.6170 8.0363 0.5000
19 0 1 0 7.3120 8.8619 0.0000
19 0 1 0 7.3050 8.8619 0.0000
19 0 1 0 7.2310 8.8619 0.0000
18 1 0 0 5.6000 8.2617 0.5000
18 1 0 0 5.6390 8.2617 0.5000
18 1 0 0 5.5840 8.2617 0.5000
17 1 0 0 6.3460 8.0132 0.5000
17 1 0 0 6.1160 8.0132 0.5000
17 1 0 0 6.2100 8.0132 0.5000
16 1 0 0 7.0910 8.4080 0.5000
16 1 0 0 7.3350 8.4080 0.5000
16 1 0 0 7.2750 8.4080 0.5000
15 1 0 0 5.7240 8.1937 0.5000
15 1 0 0 5.6590 8.1937 0.5000
15 1 0 0 5.6340 8.1937 0.5000
14 1 0 0 5.7080 8.5018 0.5000
14 0 1 0 3.3080 8.5018 0.0000
14 1 0 0 5.7060 8.5018 0.5000
13 1 0 0 5.6110 8.8614 0.5000
13 1 0 0 5.5590 8.8614 0.5000
13 1 0 0 5.5540 8.8614 0.5000
12 1 0 0 6.5760 8.3184 0.5000
12 1 0 0 6.7820 8.3184 0.5000
12 1 0 0 6.8430 8.3184 0.5000
11 1 0 0 5.5910 8.2977 0.5000
11 1 0 0 5.5820 8.2977 0.5000
11 1 0 0 5.6020 8.2977 0.5000
10 1 0 0 5.6040 8.0201 0.5000
10 1 0 0 5.6440 8.0201 0.5000
10 1 0 0 5.6370 8.0201 0.5000
9 1 0 0 5.6130 8.3008 0.5000
9 1 0 0 5.5930 8.3008 0.5000
9 1 0 0 5.6120 8.3008 0.5000
8 1 0 0 5.6350 8.1098 0.5000
8 1 0 0 5.6110 8.1098 0.5000
8 1 0 0 5.5990 8.1098 0.5000
7 1 0 0 5.6470 8.6485 0.5000
7 1 0 0 5.6070 8.6485 0.5000
7 1 0 0 5.6120 8.6485 0.5000
6 1 0 0 5.8120 8.7320 0.5000
6 1 0 0 5.7080 8.7320 0.5000
6 1 0 0 5.6030 8.7320 0.5000
5 1 0 0 5.5890 8.3924 0.5000
5 1 0 0 5.6050 8.3924 0.5000
5 1 0 0 5.6180 8.3924 0.5000
4 0 1 0 3.4660 8.4641 0.0000
4 1 0 0 7.7430 8.4641 0.5000
4 1 0 0 7.8530 8.4641 0.5000
3 1 0 0 5.6240 8.4734 0.5000
3 1 0 0 5.5610 8.4734 0.5000
3 1 0 0 5.5820 8.4734 0.5000
2 1 0 0 5.6800 8.8156 0.5000
2 1 0 0 5.6310 8.8156 0.5000
2 1 0 0 5.6330 8.8156 0.5000
1 1 0 0 6.1480 8.7136 0.5000
1 1 0 0 5.9610 8.7136 0.5000
1 1 0 0 6.1260 8.7136 0.5000
