299 0 1 0 8.1140 7.8943 0.0000
299 0 1 0 8.3890 7.8943 0.0000
299 0 1 0 8.2320 7.8943 0.0000
299 0 1 0 6.0940 7.8943 0.0000
299 0 1 0 8.4050 7.8943 0.0000
299 0 1 0 5.3710 7.8943 0.0000
298 1 0 0 11.3210 8.1066 0.5000
298 1 0 0 11.3010 8.1066 0.5000
298 1 0 0 11.2720 8.1066 0.5000
297 1 0 0 11.1470 8.5215 0.5000
297 1 0 0 11.3190 8.5215 0.5000
297 1 0 0 11.2410 8.5215 0.5000
296 1 0 0 11.0820 8.1588 0.5000
296 1 0 0 11.0170 8.1588 0.5000
296 1 0 0 10.9990 8.1588 0.5000
295 1 0 0 11.2200 8.0522 0.5000
295 1 0 0 11.1340 8.0522 0.5000
295 1 0 0 11.2140 8.0522 0.5000
294 1 0 0 11.9740 8.3546 0.5000
294 1 0 0 11.9620 8.3546 0.5000
294 1 0 0 11.8540 8.3546 0.5000
293 1 0 0 10.9710 8.1166 0.5000
293 1 0 0 11.0040 8.1166 0.5000
293 1 0 0 10.9810 8.1166 0.5000
292 1 0 0 11.3950 8.3615 0.5000
292 1 0 0 11.3330 8.3615 0.5000
292 1 0 0 11.5330 8.3615 0.5000
291 1 0 0 10.9490 8.4414 0.5000
291 1 0 0 10.8960 8.4414 0.5000
291 1 0 0 10.9400 8.4414 0.5000
290 1 0 0 11.2350 8.2756 0.5000
290 1 0 0 11.2920 8.2756 0.5000
290 1 0 0 11.2890 8.2756 0.5000
289 0 1 0 6.4040 8.6135 0.0000
289 0 1 0 6.6960 8.6135 0.0000
289 0 1 0 6.6390 8.6135 0.0000
288 0 1 0 5.5470 8.7374 0.0000
288 0 1 0 5.2570 8.7374 0.0000
288 0 1 0 5.3540 8.7374 0.0000
287 1 0 0 11.4780 8.8475 0.5000
287 1 0 0 11.4060 8.8475 0.5000
287 1 0 0 11.4480 8.8475 0.5000
286 1 0 0 11.6090 8.9715 0.5000
286 1 0 0 11.5300 8.9715 0.5000
286 1 0 0 11.5410 8.9715 0.5000
285 1 0 0 11.7480 8.0789 0.5000
285 1 0 0 11.6510 8.0789 0.5000
285 1 0 0 11.5710 8.0789 0.5000
284 0 1 0 9.5370 7.9792 0.0000
284 0 1 0 9.3650 7.9792 0.0000
284 0 1 0 8.8340 7.9792 0.0000
283 1 0 0 12.2500 8.3117 0.5000
283 1 0 0 12.2520 8.3117 0.5000
283 1 0 0 12.1840 8.3117 0.5000
282 0 1 0 7.9650 8.4952 0.0000
282 0 1 0 7.7420 8.4952 0.0000
282 0 1 0 8.0120 8.4952 0.0000
281 1 0 0 15.0870 8.7492 0.5000
281 1 0 0 15.0350 8.7492 0.5000
281 1 0 0 14.8890 8.7492 0.5000
280 1 0 0 12.3690 8.8536 0.5000
280 0 1 0 6.5110 8.8536 0.0000
280 1 0 0 11.7390 8.8536 0.5000
279 1 0 0 10.8030 8.8454 0.5000
279 1 0 0 10.8050 8.8454 0.5000
279 1 0 0 10.8060 8.8454 0.5000
278 1 0 0 11.5080 7.9938 0.5000
278 1 0 0 11.5460 7.9938 0.5000
278 1 0 0 11.5230 7.9938 0.5000
277 0 1 0 6.0760 7.8863 0.0000
277 0 1 0 6.3980 7.8863 0.0000
277 0 1 0 6.3280 7.8863 0.0000
276 0 1 0 7.6380 8.7216 0.0000
276 0 1 0 3.9750 8.7216 0.0000
276 0 1 0 7.4880 8.7216 0.0000
275 0 1 0 4.7200 7.8943 0.0000
275 0 1 0 5.4480 7.8943 0.0000
275 1 0 0 12.1420 7.8943 0.5000
274 1 0 0 10.8350 8.1381 0.5000
274 1 0 0 10.8650 8.1381 0.5000
274 1 0 0 10.7060 8.1381 0.5000
273 0 1 0 10.2770 8.2953 0.0000
273 1 0 0 11.9380 8.2953 0.5000
273 1 0 0 11.8680 8.2953 0.5000
272 1 0 0 10.9570 7.8076 0.5000
272 1 0 0 11.1020 7.8076 0.5000
272 1 0 0 10.9950 7.8076 0.5000
271 0 1 0 5.3660 8.1654 0.0000
271 0 1 0 6.5290 8.1654 0.0000
271 0 1 0 5.3360 8.1654 0.0000
270 1 0 0 11.0290 8.3528 0.5000
270 1 0 0 10.8460 8.3528 0.5000
270 1 0 0 11.1460 8.3528 0.5000
269 1 0 0 10.7100 8.3235 0.5000
269 1 0 0 10.6750 8.3235 0.5000
269 1 0 0 10.6870 8.3235 0.5000
268 1 0 0 11.1550 7.9633 0.5000
268 1 0 0 11.2410 7.9633 0.5000
268 1 0 0 11.1740 7.9633 0.5000
267 1 0 0 11.2090 7.8513 0.5000
267 1 0 0 11.2340 7.8513 0.5000
267 1 0 0 11.2230 7.8513 0.5000
266 1 0 0 10.9120 9.0261 0.5000
266 1 0 0 10.8820 9.0261 0.5000
266 1 0 0 10.9000 9.0261 0.5000
265 1 0 0 12.9150 8.6869 0.5000
265 1 0 0 12.8690 8.6869 0.5000
265 1 0 0 12.8900 8.6869 0.5000
264 1 0 0 12.1990 8.4668 0.5000
264 1 0 0 12.1710 8.4668 0.5000
264 0 1 0 6.9530 8.4668 0.0000
263 1 0 0 10.8380 8.0851 0.5000
263 1 0 0 10.8860 8.0851 0.5000
263 1 0 0 10.7850 8.0851 0.5000
262 1 0 0 11.2120 7.9944 0.5000
262 1 0 0 11.2380 7.9944 0.5000
262 1 0 0 11.2300 7.9944 0.5000
261 1 0 0 10.5880 7.7656 0.5000
261 1 0 0 10.5460 7.7656 0.5000
261 1 0 0 10.5820 7.7656 0.5000
260 1 0 0 12.7210 8.1527 0.5000
260 1 0 0 12.0860 8.1527 0.5000
260 1 0 0 12.0250 8.1527 0.5000
259 1 0 0 11.7740 7.9560 0.5000
259 1 0 0 11.5370 7.9560 0.5000
259 1 0 0 12.0500 7.9560 0.5000
258 1 0 0 10.4270 9.2138 0.5000
258 1 0 0 10.4550 9.2138 0.5000
258 1 0 0 10.4660 9.2138 0.5000
257 1 0 0 10.8200 8.5552 0.5000
257 1 0 0 10.7850 8.5552 0.5000
257 1 0 0 10.6880 8.5552 0.5000
256 1 0 0 11.0840 7.7935 0.5000
256 1 0 0 11.0900 7.7935 0.5000
256 1 0 0 11.0160 7.7935 0.5000
255 1 0 0 11.7370 8.2343 0.5000
255 1 0 0 12.1450 8.2343 0.5000
255 1 0 0 11.6340 8.2343 0.5000
254 0 1 0 6.7310 8.3322 0.0000
254 0 1 0 6.9220 8.3322 0.0000
254 0 1 0 6.6970 8.3322 0.0000
253 1 0 0 10.9760 7.7807 0.5000
253 1 0 0 10.9850 7.7807 0.5000
253 1 0 0 10.9590 7.7807 0.5000
252 1 0 0 10.3910 7.6412 0.5000
252 1 0 0 10.5030 7.6412 0.5000
252 1 0 0 10.3860 7.6412 0.5000
251 1 0 0 10.4870 7.8992 0.5000
251 1 0 0 10.5170 7.8992 0.5000
251 1 0 0 10.4570 7.8992 0.5000
250 1 0 0 10.5860 7.7533 0.5000
250 1 0 0 10.6860 7.7533 0.5000
250 1 0 0 10.5940 7.7533 0.5000
249 1 0 0 11.2070 8.1320 0.5000
249 1 0 0 11.1630 8.1320 0.5000
249 1 0 0 11.2610 8.1320 0.5000
248 1 0 0 10.9990 7.9923 0.5000
248 1 0 0 11.0340 7.9923 0.5000
248 1 0 0 11.0090 7.9923 0.5000
247 1 0 0 10.7930 8.3974 0.5000
247 1 0 0 10.8310 8.3974 0.5000
247 1 0 0 10.7220 8.3974 0.5000
246 1 0 0 11.0200 7.9229 0.5000
246 1 0 0 11.0220 7.9229 0.5000
246 1 0 0 11.0350 7.9229 0.5000
245 0 1 0 7.8120 8.0073 0.0000
245 0 1 0 7.6950 8.0073 0.0000
245 0 1 0 7.7610 8.0073 0.0000
244 1 0 0 10.7960 7.8886 0.5000
244 1 0 0 10.7850 7.8886 0.5000
244 1 0 0 10.7470 7.8886 0.5000
243 0 1 0 7.9760 9.3565 0.0000
243 0 1 0 6.6120 9.3565 0.0000
243 0 1 0 6.9950 9.3565 0.0000
242 1 0 0 10.8580 7.8569 0.5000
242 1 0 0 10.7800 7.8569 0.5000
242 1 0 0 10.8220 7.8569 0.5000
241 1 0 0 11.6410 8.1083 0.5000
241 1 0 0 11.6410 8.1083 0.5000
241 1 0 0 11.6550 8.1083 0.5000
240 1 0 0 10.8550 8.8293 0.5000
240 1 0 0 11.1320 8.8293 0.5000
240 1 0 0 11.0550 8.8293 0.5000
239 1 0 0 11.8260 9.1256 0.5000
239 1 0 0 11.3470 9.1256 0.5000
239 1 0 0 11.4080 9.1256 0.5000
238 1 0 0 12.1430 8.2790 0.5000
238 1 0 0 12.1520 8.2790 0.5000
238 1 0 0 12.0750 8.2790 0.5000
237 1 0 0 10.9010 8.1846 0.5000
237 1 0 0 10.9940 8.1846 0.5000
237 1 0 0 10.8560 8.1846 0.5000
236 1 0 0 12.0640 7.8991 0.5000
236 1 0 0 12.2290 7.8991 0.5000
236 1 0 0 11.1570 7.8991 0.5000
235 1 0 0 11.3410 8.0172 0.5000
235 1 0 0 11.1980 8.0172 0.5000
235 1 0 0 11.2650 8.0172 0.5000
234 1 0 0 10.8010 7.8729 0.5000
234 1 0 0 10.7810 7.8729 0.5000
234 1 0 0 10.7760 7.8729 0.5000
233 1 0 0 10.7420 8.2097 0.5000
233 1 0 0 10.7090 8.2097 0.5000
233 1 0 0 10.8770 8.2097 0.5000
232 1 0 0 11.1730 8.5412 0.5000
232 1 0 0 11.2440 8.5412 0.5000
232 1 0 0 11.2010 8.5412 0.5000
231 0 1 0 7.0200 8.3411 0.0000
231 0 1 0 7.1320 8.3411 0.0000
231 0 1 0 7.0310 8.3411 0.0000
230 1 0 0 11.0710 8.1117 0.5000
230 1 0 0 11.0750 8.1117 0.5000
230 1 0 0 11.0760 8.1117 0.5000
229 1 0 0 10.9040 7.7993 0.5000
229 1 0 0 10.9790 7.7993 0.5000
229 1 0 0 10.9740 7.7993 0.5000
228 0 1 0 10.2580 8.7277 0.0000
228 0 1 0 9.5130 8.7277 0.0000
228 0 1 0 7.0100 8.7277 0.0000
227 1 0 0 10.8980 7.8473 0.5000
227 1 0 0 10.8680 7.8473 0.5000
227 1 0 0 10.9420 7.8473 0.5000
226 1 0 0 11.0210 7.8942 0.5000
226 1 0 0 10.9700 7.8942 0.5000
226 1 0 0 10.9500 7.8942 0.5000
225 1 0 0 10.8850 7.8481 0.5000
225 1 0 0 10.8870 7.8481 0.5000
225 1 0 0 10.9360 7.8481 0.5000
224 0 1 0 4.4230 7.9252 0.0000
224 0 1 0 4.4160 7.9252 0.0000
224 0 1 0 4.2740 7.9252 0.0000
223 1 0 0 11.0620 7.8783 0.5000
223 1 0 0 11.0280 7.8783 0.5000
223 1 0 0 10.9550 7.8783 0.5000
222 1 0 0 11.0130 8.0216 0.5000
222 1 0 0 11.0490 8.0216 0.5000
222 1 0 0 11.1290 8.0216 0.5000
221 1 0 0 11.7340 8.6512 0.5000
221 1 0 0 11.8740 8.6512 0.5000
221 0 1 0 7.5580 8.6512 0.0000
220 1 0 0 11.0170 8.0888 0.5000
220 1 0 0 10.9420 8.0888 0.5000
220 1 0 0 11.0160 8.0888 0.5000
219 0 1 0 6.5090 8.5526 0.0000
219 0 1 0 6.2500 8.5526 0.0000
219 0 1 0 6.4380 8.5526 0.0000
218 1 0 0 10.4580 8.0828 0.5000
218 1 0 0 10.4200 8.0828 0.5000
218 1 0 0 10.4400 8.0828 0.5000
217 1 0 0 11.3480 8.0196 0.5000
217 1 0 0 11.3170 8.0196 0.5000
217 1 0 0 11.2670 8.0196 0.5000
216 1 0 0 11.8240 8.0817 0.5000
216 0 1 0 5.2590 8.0817 0.0000
216 1 0 0 11.8650 8.0817 0.5000
215 1 0 0 10.9190 8.0547 0.5000
215 1 0 0 10.9870 8.0547 0.5000
215 1 0 0 10.9840 8.0547 0.5000
214 1 0 0 12.1320 8.4522 0.5000
214 1 0 0 12.4790 8.4522 0.5000
214 1 0 0 12.1950 8.4522 0.5000
213 1 0 0 10.9050 7.7458 0.5000
213 1 0 0 10.8860 7.7458 0.5000
213 1 0 0 10.9240 7.7458 0.5000
212 1 0 0 10.5500 7.9827 0.5000
212 1 0 0 10.5160 7.9827 0.5000
212 1 0 0 10.5070 7.9827 0.5000
211 1 0 0 10.9500 7.7384 0.5000
211 1 0 0 10.9820 7.7384 0.5000
211 1 0 0 10.9450 7.7384 0.5000
210 1 0 0 10.8980 7.7725 0.5000
210 1 0 0 10.9010 7.7725 0.5000
210 1 0 0 10.9070 7.7725 0.5000
209 1 0 0 10.8220 8.2509 0.5000
209 1 0 0 10.8290 8.2509 0.5000
209 1 0 0 11.0330 8.2509 0.5000
208 1 0 0 10.6850 8.3808 0.5000
208 1 0 0 10.6690 8.3808 0.5000
208 1 0 0 10.6970 8.3808 0.5000
207 0 1 0 4.9470 7.9796 0.0000
207 0 1 0 4.7360 7.9796 0.0000
207 0 1 0 4.6390 7.9796 0.0000
206 1 0 0 10.8040 8.2363 0.5000
206 1 0 0 10.9140 8.2363 0.5000
206 1 0 0 10.8670 8.2363 0.5000
205 1 0 0 10.9660 8.0101 0.5000
205 1 0 0 11.0000 8.0101 0.5000
205 1 0 0 11.0070 8.0101 0.5000
204 1 0 0 11.1560 9.3316 0.5000
204 1 0 0 11.1470 9.3316 0.5000
204 1 0 0 11.2060 9.3316 0.5000
203 1 0 0 11.2080 8.1183 0.5000
203 1 0 0 11.2980 8.1183 0.5000
203 1 0 0 11.1960 8.1183 0.5000
202 1 0 0 10.4220 7.7193 0.5000
202 1 0 0 10.4160 7.7193 0.5000
202 1 0 0 10.4330 7.7193 0.5000
201 1 0 0 10.8730 9.1857 0.5000
201 1 0 0 10.9080 9.1857 0.5000
201 1 0 0 10.9330 9.1857 0.5000
200 1 0 0 10.4930 7.8225 0.5000
200 1 0 0 10.3890 7.8225 0.5000
200 1 0 0 10.5010 7.8225 0.5000
199 1 0 0 11.2200 8.4647 0.5000
199 1 0 0 11.2020 8.4647 0.5000
199 1 0 0 11.1440 8.4647 0.5000
198 1 0 0 10.6960 8.1335 0.5000
198 1 0 0 10.5960 8.1335 0.5000
198 1 0 0 10.6730 8.1335 0.5000
197 0 1 0 4.6200 7.9041 0.0000
197 0 1 0 5.0620 7.9041 0.0000
197 0 1 0 4.6070 7.9041 0.0000
196 1 0 0 10.7040 7.8055 0.5000
196 1 0 0 10.6650 7.8055 0.5000
196 1 0 0 10.8080 7.8055 0.5000
195 1 0 0 11.0660 7.9816 0.5000
195 1 0 0 10.9990 7.9816 0.5000
195 1 0 0 11.0110 7.9816 0.5000
194 1 0 0 11.1040 7.9141 0.5000
194 1 0 0 11.0920 7.9141 0.5000
194 1 0 0 11.1040 7.9141 0.5000
193 1 0 0 11.0600 7.8801 0.5000
193 1 0 0 11.1400 7.8801 0.5000
193 1 0 0 10.9680 7.8801 0.5000
192 1 0 0 11.0150 8.0540 0.5000
192 1 0 0 10.9860 8.0540 0.5000
192 1 0 0 10.9640 8.0540 0.5000
191 1 0 0 11.9500 8.5544 0.5000
191 1 0 0 11.4670 8.5544 0.5000
191 1 0 0 11.7300 8.5544 0.5000
190 1 0 0 10.9950 7.9549 0.5000
190 1 0 0 10.9750 7.9549 0.5000
190 1 0 0 11.0160 7.9549 0.5000
189 1 0 0 10.6800 7.8867 0.5000
189 1 0 0 10.6760 7.8867 0.5000
189 1 0 0 10.6710 7.8867 0.5000
188 0 1 0 4.8270 8.0758 0.0000
188 1 0 0 11.3740 8.0758 0.5000
188 1 0 0 11.6930 8.0758 0.5000
187 1 0 0 10.9300 7.9598 0.5000
187 1 0 0 10.9270 7.9598 0.5000
187 1 0 0 10.8730 7.9598 0.5000
186 1 0 0 10.9660 8.3575 0.5000
186 1 0 0 11.0100 8.3575 0.5000
186 1 0 0 11.0720 8.3575 0.5000
185 1 0 0 10.9690 8.0579 0.5000
185 1 0 0 11.0580 8.0579 0.5000
185 1 0 0 10.9510 8.0579 0.5000
184 1 0 0 11.1060 8.5925 0.5000
184 1 0 0 11.1870 8.5925 0.5000
184 1 0 0 11.0820 8.5925 0.5000
183 1 0 0 10.6250 7.9435 0.5000
183 1 0 0 10.5880 7.9435 0.5000
183 1 0 0 10.6890 7.9435 0.5000
182 0 1 0 6.1490 7.8242 0.0000
182 0 1 0 6.1830 7.8242 0.0000
182 0 1 0 5.9700 7.8242 0.0000
181 1 0 0 11.4210 8.5661 0.5000
181 1 0 0 11.2700 8.5661 0.5000
181 1 0 0 12.1460 8.5661 0.5000
180 1 0 0 11.3330 8.1770 0.5000
180 1 0 0 11.4160 8.1770 0.5000
180 1 0 0 11.4290 8.1770 0.5000
179 1 0 0 10.8790 7.9033 0.5000
179 1 0 0 10.8800 7.9033 0.5000
179 1 0 0 10.9160 7.9033 0.5000
178 1 0 0 10.8440 7.9380 0.5000
178 1 0 0 10.8700 7.9380 0.5000
178 1 0 0 10.9190 7.9380 0.5000
177 1 0 0 10.8230 9.1208 0.5000
177 1 0 0 10.7960 9.1208 0.5000
177 1 0 0 10.9160 9.1208 0.5000
176 0 1 0 4.8420 7.9041 0.0000
176 0 1 0 5.1470 7.9041 0.0000
176 0 1 0 4.8130 7.9041 0.0000
175 1 0 0 11.2460 8.1769 0.5000
175 1 0 0 11.2280 8.1769 0.5000
175 1 0 0 11.3160 8.1769 0.5000
174 1 0 0 10.7990 7.8371 0.5000
174 1 0 0 10.9040 7.8371 0.5000
174 1 0 0 10.8300 7.8371 0.5000
173 1 0 0 10.6950 7.7193 0.5000
173 1 0 0 10.7400 7.7193 0.5000
173 1 0 0 10.7680 7.7193 0.5000
172 1 0 0 10.9530 7.8436 0.5000
172 1 0 0 10.8900 7.8436 0.5000
172 1 0 0 10.7370 7.8436 0.5000
171 1 0 0 11.0190 8.1017 0.5000
171 1 0 0 10.9930 8.1017 0.5000
171 1 0 0 11.0760 8.1017 0.5000
170 1 0 0 10.6740 8.5370 0.5000
170 1 0 0 10.6830 8.5370 0.5000
170 1 0 0 10.5700 8.5370 0.5000
169 1 0 0 10.9250 7.9483 0.5000
169 1 0 0 10.8760 7.9483 0.5000
169 1 0 0 10.9750 7.9483 0.5000
168 0 1 0 4.1130 8.2366 0.0000
168 0 1 0 4.2160 8.2366 0.0000
168 0 1 0 4.0830 8.2366 0.0000
167 0 0 1 20.0080 8.5229 0.0000
167 0 1 0 4.4880 8.5229 0.0000
167 0 1 0 4.2280 8.5229 0.0000
166 1 0 0 10.5490 7.6616 0.5000
166 1 0 0 10.4660 7.6616 0.5000
166 1 0 0 10.4850 7.6616 0.5000
165 1 0 0 10.9830 7.8863 0.5000
165 1 0 0 10.8750 7.8863 0.5000
165 1 0 0 11.0040 7.8863 0.5000
164 1 0 0 10.5840 8.6209 0.5000
164 1 0 0 10.6330 8.6209 0.5000
164 1 0 0 10.5910 8.6209 0.5000
163 0 1 0 6.6580 8.2331 0.0000
163 0 1 0 6.5200 8.2331 0.0000
163 0 1 0 6.4280 8.2331 0.0000
162 1 0 0 10.9310 7.9140 0.5000
162 1 0 0 10.9910 7.9140 0.5000
162 1 0 0 10.9560 7.9140 0.5000
161 1 0 0 10.6070 7.9445 0.5000
161 1 0 0 10.7260 7.9445 0.5000
161 1 0 0 10.8800 7.9445 0.5000
160 1 0 0 10.6750 8.1290 0.5000
160 1 0 0 10.6680 8.1290 0.5000
160 1 0 0 10.6530 8.1290 0.5000
159 1 0 0 10.5190 8.1268 0.5000
159 1 0 0 10.5660 8.1268 0.5000
159 1 0 0 10.4190 8.1268 0.5000
158 1 0 0 10.9770 7.8738 0.5000
158 1 0 0 11.0050 7.8738 0.5000
158 1 0 0 10.9360 7.8738 0.5000
157 1 0 0 10.9810 8.7112 0.5000
157 1 0 0 11.0830 8.7112 0.5000
157 1 0 0 11.0040 8.7112 0.5000
156 1 0 0 10.8060 7.6779 0.5000
156 1 0 0 10.8110 7.6779 0.5000
156 1 0 0 10.8160 7.6779 0.5000
155 1 0 0 10.7990 7.8592 0.5000
155 1 0 0 10.8250 7.8592 0.5000
155 1 0 0 10.8080 7.8592 0.5000
154 1 0 0 10.5640 7.8169 0.5000
154 1 0 0 10.6140 7.8169 0.5000
154 1 0 0 10.5980 7.8169 0.5000
153 1 0 0 11.1270 8.3175 0.5000
153 1 0 0 11.2280 8.3175 0.5000
153 1 0 0 12.2230 8.3175 0.5000
152 1 0 0 10.8510 8.1617 0.5000
152 1 0 0 10.8770 8.1617 0.5000
152 1 0 0 10.8530 8.1617 0.5000
151 1 0 0 10.7020 7.9335 0.5000
151 1 0 0 10.7860 7.9335 0.5000
151 1 0 0 10.7320 7.9335 0.5000
150 0 1 0 5.2490 7.9223 0.0000
150 1 0 0 11.8520 7.9223 0.5000
150 0 1 0 3.7630 7.9223 0.0000
149 1 0 0 10.7950 8.5702 0.5000
149 1 0 0 10.7090 8.5702 0.5000
149 1 0 0 10.7070 8.5702 0.5000
148 1 0 0 10.9160 7.9772 0.5000
148 1 0 0 10.9570 7.9772 0.5000
148 1 0 0 10.9300 7.9772 0.5000
147 1 0 0 10.4940 8.0566 0.5000
147 1 0 0 10.5250 8.0566 0.5000
147 1 0 0 10.4740 8.0566 0.5000
146 1 0 0 11.0360 8.2562 0.5000
146 1 0 0 11.1370 8.2562 0.5000
146 1 0 0 11.1100 8.2562 0.5000
145 1 0 0 10.5180 7.9406 0.5000
145 1 0 0 10.4790 7.9406 0.5000
145 1 0 0 10.4540 7.9406 0.5000
144 1 0 0 10.9560 7.9683 0.5000
144 1 0 0 10.8930 7.9683 0.5000
144 1 0 0 10.9100 7.9683 0.5000
143 1 0 0 11.8130 8.1052 0.5000
143 1 0 0 11.7410 8.1052 0.5000
143 1 0 0 11.9760 8.1052 0.5000
142 1 0 0 11.2140 8.0336 0.5000
142 1 0 0 10.8790 8.0336 0.5000
142 1 0 0 10.9310 8.0336 0.5000
141 1 0 0 10.4180 8.0581 0.5000
141 1 0 0 10.4040 8.0581 0.5000
141 1 0 0 10.3970 8.0581 0.5000
140 1 0 0 11.2730 7.8845 0.5000
140 1 0 0 11.3170 7.8845 0.5000
140 1 0 0 11.1890 7.8845 0.5000
139 1 0 0 10.3290 7.6318 0.5000
139 1 0 0 10.3450 7.6318 0.5000
139 1 0 0 10.3850 7.6318 0.5000
138 0 1 0 8.6310 9.0486 0.0000
138 0 1 0 4.3440 9.0486 0.0000
138 0 1 0 4.5320 9.0486 0.0000
137 1 0 0 11.5430 7.9894 0.5000
137 1 0 0 11.5130 7.9894 0.5000
137 1 0 0 11.5750 7.9894 0.5000
136 1 0 0 10.9780 7.9794 0.5000
136 1 0 0 10.9200 7.9794 0.5000
136 1 0 0 10.9860 7.9794 0.5000
135 1 0 0 10.9990 7.8433 0.5000
135 1 0 0 10.9890 7.8433 0.5000
135 1 0 0 10.9670 7.8433 0.5000
134 1 0 0 10.8900 7.8535 0.5000
134 1 0 0 10.9020 7.8535 0.5000
134 1 0 0 10.9590 7.8535 0.5000
133 1 0 0 10.5020 7.8878 0.5000
133 1 0 0 10.4650 7.8878 0.5000
133 1 0 0 10.4590 7.8878 0.5000
132 0 1 0 7.4680 7.8821 0.0000
132 0 1 0 7.5760 7.8821 0.0000
132 0 1 0 7.5490 7.8821 0.0000
131 1 0 0 10.8390 8.9195 0.5000
131 1 0 0 10.8220 8.9195 0.5000
131 1 0 0 10.8070 8.9195 0.5000
130 1 0 0 10.4760 8.0658 0.5000
130 1 0 0 10.5780 8.0658 0.5000
130 1 0 0 10.4710 8.0658 0.5000
129 1 0 0 10.9100 8.2893 0.5000
129 1 0 0 10.8820 8.2893 0.5000
129 1 0 0 12.0750 8.2893 0.5000
128 1 0 0 10.6020 7.9857 0.5000
128 1 0 0 10.5400 7.9857 0.5000
128 1 0 0 10.5440 7.9857 0.5000
127 0 1 0 6.7340 8.1692 0.0000
127 0 1 0 7.8550 8.1692 0.0000
127 0 1 0 7.0150 8.1692 0.0000
126 1 0 0 11.6920 7.9794 0.5000
126 1 0 0 11.6450 7.9794 0.5000
126 1 0 0 11.4870 7.9794 0.5000
125 1 0 0 10.4400 7.9724 0.5000
125 1 0 0 10.4660 7.9724 0.5000
125 1 0 0 10.4910 7.9724 0.5000
124 1 0 0 11.0510 8.8665 0.5000
124 1 0 0 11.0430 8.8665 0.5000
124 1 0 0 10.9730 8.8665 0.5000
123 1 0 0 11.1770 8.1178 0.5000
123 1 0 0 11.0940 8.1178 0.5000
123 1 0 0 11.0630 8.1178 0.5000
122 1 0 0 11.0420 8.1767 0.5000
122 1 0 0 11.7570 8.1767 0.5000
122 1 0 0 11.2010 8.1767 0.5000
121 1 0 0 11.1070 8.2653 0.5000
121 1 0 0 11.0410 8.2653 0.5000
121 1 0 0 11.1360 8.2653 0.5000
120 1 0 0 11.7980 8.1746 0.5000
120 1 0 0 11.8140 8.1746 0.5000
120 1 0 0 11.8000 8.1746 0.5000
119 1 0 0 10.9930 8.5615 0.5000
119 1 0 0 11.0090 8.5615 0.5000
119 1 0 0 10.9930 8.5615 0.5000
118 0 1 0 5.6500 8.1824 0.0000
118 0 1 0 5.4480 8.1824 0.0000
118 0 1 0 3.2530 8.1824 0.0000
117 0 1 0 6.8270 8.4771 0.0000
117 0 1 0 6.8240 8.4771 0.0000
117 0 1 0 7.0180 8.4771 0.0000
116 1 0 0 10.5340 7.7156 0.5000
116 1 0 0 10.4620 7.7156 0.5000
116 1 0 0 10.5040 7.7156 0.5000
115 1 0 0 10.9230 7.9910 0.5000
115 1 0 0 10.7910 7.9910 0.5000
115 1 0 0 10.8750 7.9910 0.5000
114 0 1 0 4.3950 8.7138 0.0000
114 0 1 0 6.9260 8.7138 0.0000
114 0 1 0 7.3330 8.7138 0.0000
113 1 0 0 11.2480 8.1481 0.5000
113 1 0 0 11.3390 8.1481 0.5000
113 1 0 0 11.1830 8.1481 0.5000
112 1 0 0 10.9520 8.4223 0.5000
112 1 0 0 10.9240 8.4223 0.5000
112 1 0 0 10.9290 8.4223 0.5000
111 0 1 0 4.0080 9.1523 0.0000
111 0 1 0 3.7720 9.1523 0.0000
111 0 1 0 3.8950 9.1523 0.0000
110 1 0 0 10.6770 8.2940 0.5000
110 1 0 0 10.6470 8.2940 0.5000
110 1 0 0 10.6570 8.2940 0.5000
109 1 0 0 10.5730 8.1010 0.5000
109 1 0 0 10.6250 8.1010 0.5000
109 1 0 0 10.6790 8.1010 0.5000
108 1 0 0 10.7050 7.8203 0.5000
108 1 0 0 10.7200 7.8203 0.5000
108 1 0 0 10.7900 7.8203 0.5000
107 1 0 0 11.0670 8.4351 0.5000
107 1 0 0 11.0310 8.4351 0.5000
107 1 0 0 11.1380 8.4351 0.5000
106 1 0 0 11.3270 8.0814 0.5000
106 1 0 0 12.0610 8.0814 0.5000
106 1 0 0 11.9770 8.0814 0.5000
105 0 1 0 4.8370 8.0305 0.0000
105 0 1 0 6.0820 8.0305 0.0000
105 0 1 0 4.3000 8.0305 0.0000
104 0 1 0 7.3780 8.0377 0.0000
104 1 0 0 11.3490 8.0377 0.5000
104 1 0 0 11.2720 8.0377 0.5000
103 1 0 0 11.2110 8.0334 0.5000
103 1 0 0 11.3570 8.0334 0.5000
103 1 0 0 11.3470 8.0334 0.5000
102 1 0 0 11.2500 7.7503 0.5000
102 1 0 0 11.2230 7.7503 0.5000
102 1 0 0 11.2320 7.7503 0.5000
101 1 0 0 10.7360 7.5407 0.5000
101 1 0 0 10.7640 7.5407 0.5000
101 1 0 0 10.7330 7.5407 0.5000
100 1 0 0 11.1040 7.8551 0.5000
100 1 0 0 11.0060 7.8551 0.5000
100 1 0 0 11.0740 7.8551 0.5000
99 0 1 0 4.4270 8.1238 0.0000
99 0 1 0 4.5030 8.1238 0.0000
99 0 1 0 4.4180 8.1238 0.0000
98 1 0 0 10.4950 7.8888 0.5000
98 1 0 0 10.5630 7.8888 0.5000
98 1 0 0 10.5030 7.8888 0.5000
97 1 0 0 10.5110 7.7844 0.5000
97 1 0 0 10.5100 7.7844 0.5000
97 1 0 0 10.5010 7.7844 0.5000
96 1 0 0 10.9210 8.0041 0.5000
96 1 0 0 10.9180 8.0041 0.5000
96 1 0 0 10.9320 8.0041 0.5000
95 1 0 0 10.3820 7.7005 0.5000
95 1 0 0 10.4950 7.7005 0.5000
95 1 0 0 10.4770 7.7005 0.5000
94 1 0 0 10.4280 7.5209 0.5000
94 1 0 0 10.4180 7.5209 0.5000
94 1 0 0 10.4130 7.5209 0.5000
93 1 0 0 10.3430 7.7830 0.5000
93 1 0 0 10.3950 7.7830 0.5000
93 1 0 0 10.2790 7.7830 0.5000
92 1 0 0 10.4480 7.6940 0.5000
92 1 0 0 10.4890 7.6940 0.5000
92 1 0 0 10.4930 7.6940 0.5000
91 1 0 0 11.0890 8.1617 0.5000
91 1 0 0 11.1110 8.1617 0.5000
91 1 0 0 11.1510 8.1617 0.5000
90 1 0 0 10.8020 7.9466 0.5000
90 1 0 0 10.8380 7.9466 0.5000
90 1 0 0 10.7990 7.9466 0.5000
89 1 0 0 10.4840 8.0393 0.5000
89 1 0 0 10.5910 8.0393 0.5000
89 1 0 0 10.5070 8.0393 0.5000
88 1 0 0 10.8350 7.7476 0.5000
88 1 0 0 10.7740 7.7476 0.5000
88 1 0 0 10.7530 7.7476 0.5000
87 1 0 0 10.8620 7.9960 0.5000
87 1 0 0 10.8090 7.9960 0.5000
87 1 0 0 10.7280 7.9960 0.5000
86 1 0 0 11.4610 7.9096 0.5000
86 1 0 0 10.8500 7.9096 0.5000
86 1 0 0 11.1560 7.9096 0.5000
85 0 1 0 4.0920 7.9264 0.0000
85 0 1 0 3.7860 7.9264 0.0000
85 0 1 0 3.3470 7.9264 0.0000
84 1 0 0 10.4830 7.8991 0.5000
84 1 0 0 10.4530 7.8991 0.5000
84 1 0 0 10.4990 7.8991 0.5000
83 1 0 0 10.8890 8.8306 0.5000
83 1 0 0 10.9110 8.8306 0.5000
83 1 0 0 10.9150 8.8306 0.5000
82 1 0 0 10.7790 9.1396 0.5000
82 1 0 0 10.7800 9.1396 0.5000
82 1 0 0 10.7350 9.1396 0.5000
81 1 0 0 10.9200 7.7123 0.5000
81 1 0 0 10.8850 7.7123 0.5000
81 1 0 0 10.8820 7.7123 0.5000
80 0 1 0 4.1060 8.0481 0.0000
80 0 1 0 3.9320 8.0481 0.0000
80 0 1 0 4.0850 8.0481 0.0000
79 1 0 0 10.6500 7.8461 0.5000
79 1 0 0 10.6450 7.8461 0.5000
79 1 0 0 10.6490 7.8461 0.5000
78 1 0 0 11.0110 9.0217 0.5000
78 1 0 0 11.0140 9.0217 0.5000
78 1 0 0 10.9560 9.0217 0.5000
77 1 0 0 10.8350 7.8372 0.5000
77 1 0 0 10.8930 7.8372 0.5000
77 1 0 0 10.8220 7.8372 0.5000
76 1 0 0 10.8290 7.8180 0.5000
76 1 0 0 10.7820 7.8180 0.5000
76 1 0 0 10.7450 7.8180 0.5000
75 1 0 0 10.4150 7.8305 0.5000
75 1 0 0 10.4340 7.8305 0.5000
75 1 0 0 10.3900 7.8305 0.5000
74 1 0 0 10.8380 8.5940 0.5000
74 1 0 0 10.7490 8.5940 0.5000
74 1 0 0 10.8380 8.5940 0.5000
73 1 0 0 10.5870 8.2208 0.5000
73 1 0 0 10.6060 8.2208 0.5000
73 1 0 0 10.7880 8.2208 0.5000
72 1 0 0 10.2860 7.7543 0.5000
72 1 0 0 10.3870 7.7543 0.5000
72 1 0 0 10.3780 7.7543 0.5000
71 1 0 0 10.4080 7.8322 0.5000
71 1 0 0 10.4750 7.8322 0.5000
71 1 0 0 10.3960 7.8322 0.5000
70 1 0 0 10.8710 7.9155 0.5000
70 1 0 0 10.9190 7.9155 0.5000
70 1 0 0 10.8710 7.9155 0.5000
69 1 0 0 10.8690 8.1977 0.5000
69 1 0 0 10.8950 8.1977 0.5000
69 1 0 0 10.9110 8.1977 0.5000
68 1 0 0 10.5840 8.2917 0.5000
68 1 0 0 10.5000 8.2917 0.5000
68 1 0 0 10.5090 8.2917 0.5000
67 1 0 0 10.4950 7.6937 0.5000
67 1 0 0 10.4750 7.6937 0.5000
67 1 0 0 10.4570 7.6937 0.5000
66 1 0 0 10.6470 7.8316 0.5000
66 1 0 0 10.6970 7.8316 0.5000
66 1 0 0 10.7200 7.8316 0.5000
65 1 0 0 10.7290 8.4451 0.5000
65 1 0 0 10.8090 8.4451 0.5000
65 1 0 0 10.6110 8.4451 0.5000
64 1 0 0 11.0310 7.9270 0.5000
64 1 0 0 11.0370 7.9270 0.5000
64 1 0 0 11.1020 7.9270 0.5000
63 1 0 0 10.6310 7.7779 0.5000
63 1 0 0 10.5060 7.7779 0.5000
63 1 0 0 10.6050 7.7779 0.5000
62 1 0 0 11.3570 8.3808 0.5000
62 1 0 0 11.3570 8.3808 0.5000
62 1 0 0 11.3180 8.3808 0.5000
61 1 0 0 10.2810 7.9289 0.5000
61 1 0 0 10.4560 7.9289 0.5000
61 1 0 0 10.3360 7.9289 0.5000
60 1 0 0 10.4920 7.9057 0.5000
60 1 0 0 10.4430 7.9057 0.5000
60 1 0 0 10.4050 7.9057 0.5000
59 1 0 0 10.8000 8.1423 0.5000
59 1 0 0 10.8910 8.1423 0.5000
59 1 0 0 10.8580 8.1423 0.5000
58 0 1 0 9.0320 8.9805 0.0000
58 0 1 0 9.3510 8.9805 0.0000
58 0 1 0 9.6700 8.9805 0.0000
57 1 0 0 10.8130 7.8134 0.5000
57 1 0 0 10.7610 7.8134 0.5000
57 1 0 0 10.8140 7.8134 0.5000
56 1 0 0 10.8480 7.7156 0.5000
56 1 0 0 10.9210 7.7156 0.5000
56 1 0 0 10.9060 7.7156 0.5000
55 1 0 0 10.8820 8.5876 0.5000
55 1 0 0 10.9190 8.5876 0.5000
55 1 0 0 10.8980 8.5876 0.5000
54 1 0 0 10.6440 7.9491 0.5000
54 1 0 0 10.6230 7.9491 0.5000
54 1 0 0 10.5480 7.9491 0.5000
53 1 0 0 10.8400 7.8473 0.5000
53 1 0 0 10.8570 7.8473 0.5000
53 1 0 0 10.8210 7.8473 0.5000
52 1 0 0 10.8700 7.8009 0.5000
52 1 0 0 10.9810 7.8009 0.5000
52 1 0 0 10.9400 7.8009 0.5000
51 1 0 0 10.6130 7.9923 0.5000
51 1 0 0 10.6100 7.9923 0.5000
51 1 0 0 10.6070 7.9923 0.5000
50 1 0 0 11.9760 8.6067 0.5000
50 1 0 0 11.4400 8.6067 0.5000
50 1 0 0 11.4560 8.6067 0.5000
49 1 0 0 10.9260 8.3051 0.5000
49 1 0 0 10.9100 8.3051 0.5000
49 1 0 0 10.8590 8.3051 0.5000
48 1 0 0 11.1530 8.1198 0.5000
48 1 0 0 11.1160 8.1198 0.5000
48 1 0 0 11.1010 8.1198 0.5000
47 1 0 0 10.6900 7.8125 0.5000
47 1 0 0 10.8250 7.8125 0.5000
47 1 0 0 10.7230 7.8125 0.5000
46 1 0 0 10.8200 7.7710 0.5000
46 1 0 0 10.9050 7.7710 0.5000
46 1 0 0 10.8240 7.7710 0.5000
45 1 0 0 12.1720 8.4464 0.5000
45 0 1 0 7.5590 8.4464 0.0000
45 0 1 0 5.0500 8.4464 0.0000
44 1 0 0 10.6930 8.4001 0.5000
44 1 0 0 10.7310 8.4001 0.5000
44 1 0 0 10.7420 8.4001 0.5000
43 1 0 0 11.1160 8.0669 0.5000
43 1 0 0 11.4770 8.0669 0.5000
43 0 1 0 7.5890 8.0669 0.0000
42 1 0 0 10.3450 8.0423 0.5000
42 1 0 0 10.4140 8.0423 0.5000
42 1 0 0 10.3190 8.0423 0.5000
41 1 0 0 10.4610 7.8746 0.5000
41 1 0 0 10.2690 7.8746 0.5000
41 1 0 0 10.3620 7.8746 0.5000
40 1 0 0 10.4550 7.8574 0.5000
40 1 0 0 10.4780 7.8574 0.5000
40 1 0 0 10.4060 7.8574 0.5000
39 1 0 0 10.4670 8.0287 0.5000
39 1 0 0 10.4890 8.0287 0.5000
39 1 0 0 10.4080 8.0287 0.5000
38 1 0 0 10.7710 8.3833 0.5000
38 1 0 0 10.8440 8.3833 0.5000
38 1 0 0 10.8740 8.3833 0.5000
37 1 0 0 10.9160 8.1582 0.5000
37 1 0 0 10.9160 8.1582 0.5000
37 1 0 0 10.9260 8.1582 0.5000
36 1 0 0 10.3290 7.7655 0.5000
36 1 0 0 10.3150 7.7655 0.5000
36 1 0 0 10.2990 7.7655 0.5000
35 1 0 0 10.4020 7.9484 0.5000
35 1 0 0 10.4370 7.9484 0.5000
35 1 0 0 10.4180 7.9484 0.5000
34 1 0 0 10.6930 7.9460 0.5000
34 1 0 0 10.8210 7.9460 0.5000
34 1 0 0 10.6330 7.9460 0.5000
33 0 1 0 6.5580 8.7517 0.0000
33 0 1 0 6.8040 8.7517 0.0000
33 0 1 0 6.7080 8.7517 0.0000
32 1 0 0 10.4830 8.1038 0.5000
32 1 0 0 10.4940 8.1038 0.5000
32 1 0 0 10.4120 8.1038 0.5000
31 1 0 0 10.8790 7.9322 0.5000
31 1 0 0 10.8590 7.9322 0.5000
31 1 0 0 10.8380 7.9322 0.5000
30 0 1 0 6.9670 8.4118 0.0000
30 0 1 0 6.9230 8.4118 0.0000
30 0 1 0 6.9260 8.4118 0.0000
29 1 0 0 10.9170 8.3082 0.5000
29 1 0 0 10.8790 8.3082 0.5000
29 1 0 0 10.9560 8.3082 0.5000
28 1 0 0 10.6700 7.9034 0.5000
28 1 0 0 10.6010 7.9034 0.5000
28 1 0 0 10.6700 7.9034 0.5000
27 1 0 0 10.6320 8.2087 0.5000
27 1 0 0 10.5340 8.2087 0.5000
27 1 0 0 10.5060 8.2087 0.5000
26 1 0 0 10.8400 8.2018 0.5000
26 1 0 0 10.8130 8.2018 0.5000
26 1 0 0 10.8450 8.2018 0.5000
25 1 0 0 10.5180 8.4024 0.5000
25 1 0 0 10.4980 8.4024 0.5000
25 1 0 0 10.4470 8.4024 0.5000
24 1 0 0 11.1000 8.6556 0.5000
24 1 0 0 11.0960 8.6556 0.5000
24 1 0 0 11.1360 8.6556 0.5000
23 1 0 0 10.4880 8.2098 0.5000
23 1 0 0 10.4900 8.2098 0.5000
23 1 0 0 10.4650 8.2098 0.5000
22 1 0 0 10.8310 8.3342 0.5000
22 1 0 0 10.8220 8.3342 0.5000
22 1 0 0 10.8720 8.3342 0.5000
21 1 0 0 10.8600 8.2299 0.5000
21 1 0 0 10.8470 8.2299 0.5000
21 1 0 0 10.8010 8.2299 0.5000
20 1 0 0 10.6880 8.0363 0.5000
20 1 0 0 10.7180 8.0363 0.5000
20 1 0 0 10.6900 8.0363 0.5000
19 0 1 0 8.2720 8.8619 0.0000
19 0 1 0 8.2680 8.8619 0.0000
19 0 1 0 8.2870 8.8619 0.0000
18 1 0 0 10.8040 8.2617 0.5000
18 1 0 0 10.7640 8.2617 0.5000
18 1 0 0 10.8500 8.2617 0.5000
17 1 0 0 10.7870 8.0132 0.5000
17 1 0 0 10.8030 8.0132 0.5000
17 1 0 0 10.8490 8.0132 0.5000
16 1 0 0 11.0060 8.4080 0.5000
16 1 0 0 11.0360 8.4080 0.5000
16 1 0 0 10.9830 8.4080 0.5000
15 1 0 0 11.0220 8.1937 0.5000
15 1 0 0 11.0480 8.1937 0.5000
15 1 0 0 10.8140 8.1937 0.5000
14 1 0 0 10.9130 8.5018 0.5000
14 1 0 0 10.8220 8.5018 0.5000
14 1 0 0 10.8660 8.5018 0.5000
13 1 0 0 10.4230 8.8614 0.5000
13 1 0 0 10.3560 8.8614 0.5000
13 1 0 0 10.4550 8.8614 0.5000
12 1 0 0 11.4480 8.3184 0.5000
12 1 0 0 11.3930 8.3184 0.5000
12 1 0 0 11.2990 8.3184 0.5000
11 1 0 0 10.8160 8.2977 0.5000
11 1 0 0 10.7080 8.2977 0.5000
11 1 0 0 10.8220 8.2977 0.5000
10 1 0 0 10.7580 8.0201 0.5000
10 1 0 0 10.6850 8.0201 0.5000
10 1 0 0 10.6790 8.0201 0.5000
9 1 0 0 10.4520 8.3008 0.5000
9 1 0 0 10.5030 8.3008 0.5000
9 1 0 0 10.5420 8.3008 0.5000
8 1 0 0 10.8690 8.1098 0.5000
8 1 0 0 10.8400 8.1098 0.5000
8 1 0 0 10.9100 8.1098 0.5000
7 1 0 0 10.8210 8.6485 0.5000
7 1 0 0 10.8520 8.6485 0.5000
7 1 0 0 10.8290 8.6485 0.5000
6 1 0 0 10.8360 8.7320 0.5000
6 1 0 0 10.8130 8.7320 0.5000
6 1 0 0 10.9270 8.7320 0.5000
5 1 0 0 10.4450 8.3924 0.5000
5 1 0 0 10.5250 8.3924 0.5000
5 1 0 0 10.5200 8.3924 0.5000
4 1 0 0 11.1730 8.4641 0.5000
4 1 0 0 11.1550 8.4641 0.5000
4 1 0 0 11.0550 8.4641 0.5000
3 1 0 0 10.4650 8.4734 0.5000
3 1 0 0 10.4150 8.4734 0.5000
3 1 0 0 10.5070 8.4734 0.5000
2 1 0 0 10.5180 8.8156 0.5000
2 1 0 0 10.5060 8.8156 0.5000
2 1 0 0 10.5140 8.8156 0.5000
1 1 0 0 10.8230 8.7136 0.5000
1 1 0 0 10.8210 8.7136 0.5000
1 1 0 0 10.8410 8.7136 0.5000
