299 1 0 0 12.3820 7.8943 0.5000
299 1 0 0 13.2590 7.8943 0.5000
299 1 0 0 12.7110 7.8943 0.5000
299 1 0 0 12.3890 7.8943 0.5000
299 1 0 0 13.4540 7.8943 0.5000
299 0 1 0 12.7360 7.8943 0.0000
298 1 0 0 12.0810 8.1066 0.5000
298 1 0 0 11.9510 8.1066 0.5000
298 1 0 0 11.9630 8.1066 0.5000
297 1 0 0 11.6350 8.5215 0.5000
297 1 0 0 11.6550 8.5215 0.5000
297 1 0 0 11.8350 8.5215 0.5000
296 1 0 0 11.2990 8.1588 0.5000
296 1 0 0 11.3460 8.1588 0.5000
296 1 0 0 11.3790 8.1588 0.5000
295 1 0 0 12.2170 8.0522 0.5000
295 1 0 0 12.3880 8.0522 0.5000
295 1 0 0 12.2290 8.0522 0.5000
294 0 1 0 8.3200 8.3546 0.0000
294 1 0 0 12.3590 8.3546 0.5000
294 1 0 0 12.3070 8.3546 0.5000
293 1 0 0 11.7120 8.1166 0.5000
293 1 0 0 11.6800 8.1166 0.5000
293 1 0 0 11.6370 8.1166 0.5000
292 1 0 0 12.2660 8.3615 0.5000
292 1 0 0 12.3640 8.3615 0.5000
292 1 0 0 12.5520 8.3615 0.5000
291 1 0 0 11.0080 8.4414 0.5000
291 1 0 0 10.9560 8.4414 0.5000
291 1 0 0 11.0370 8.4414 0.5000
290 1 0 0 11.1560 8.2756 0.5000
290 1 0 0 11.1610 8.2756 0.5000
290 1 0 0 11.2790 8.2756 0.5000
289 0 1 0 13.8240 8.6135 0.0000
289 0 1 0 13.5770 8.6135 0.0000
289 0 1 0 12.1670 8.6135 0.0000
288 0 1 0 8.6570 8.7374 0.0000
288 0 1 0 9.1420 8.7374 0.0000
288 0 1 0 7.9410 8.7374 0.0000
287 1 0 0 11.8410 8.8475 0.5000
287 1 0 0 11.7990 8.8475 0.5000
287 1 0 0 11.8590 8.8475 0.5000
286 1 0 0 11.6570 8.9715 0.5000
286 1 0 0 11.6560 8.9715 0.5000
286 1 0 0 11.7470 8.9715 0.5000
285 0 1 0 5.3320 8.0789 0.0000
285 1 0 0 15.9660 8.0789 0.5000
285 0 1 0 9.3570 8.0789 0.0000
284 0 1 0 18.1720 7.9792 0.0000
284 0 1 0 16.9030 7.9792 0.0000
284 0 1 0 17.3310 7.9792 0.0000
283 1 0 0 14.2420 8.3117 0.5000
283 1 0 0 14.5860 8.3117 0.5000
283 1 0 0 14.5150 8.3117 0.5000
282 0 1 0 13.9890 8.4952 0.0000
282 0 1 0 13.3830 8.4952 0.0000
282 0 1 0 13.1080 8.4952 0.0000
281 0 1 0 12.6660 8.7492 0.0000
281 0 1 0 11.5150 8.7492 0.0000
281 0 1 0 11.2690 8.7492 0.0000
280 1 0 0 13.0580 8.8536 0.5000
280 1 0 0 13.4240 8.8536 0.5000
280 1 0 0 12.8870 8.8536 0.5000
279 1 0 0 11.0160 8.8454 0.5000
279 1 0 0 10.9910 8.8454 0.5000
279 1 0 0 11.0300 8.8454 0.5000
278 1 0 0 13.1580 7.9938 0.5000
278 1 0 0 12.8460 7.9938 0.5000
278 1 0 0 13.4980 7.9938 0.5000
277 1 0 0 12.0380 7.8863 0.5000
277 1 0 0 11.5210 7.8863 0.5000
277 1 0 0 11.4620 7.8863 0.5000
276 1 0 0 14.4640 8.7216 0.5000
276 1 0 0 14.2320 8.7216 0.5000
276 0 1 0 14.8120 8.7216 0.0000
275 0 1 0 11.6170 7.8943 0.0000
275 0 1 0 5.7380 7.8943 0.0000
275 0 1 0 5.5410 7.8943 0.0000
274 1 0 0 10.8780 8.1381 0.5000
274 1 0 0 10.7680 8.1381 0.5000
274 1 0 0 10.8150 8.1381 0.5000
273 0 0 1 20.0110 8.2953 0.0000
273 1 0 0 12.8970 8.2953 0.5000
273 1 0 0 13.4290 8.2953 0.5000
272 1 0 0 11.4500 7.8076 0.5000
272 1 0 0 11.6000 7.8076 0.5000
272 1 0 0 11.4440 7.8076 0.5000
271 0 1 0 9.8790 8.1654 0.0000
271 0 1 0 10.4860 8.1654 0.0000
271 0 1 0 9.7370 8.1654 0.0000
270 1 0 0 10.9130 8.3528 0.5000
270 1 0 0 11.0220 8.3528 0.5000
270 1 0 0 10.9280 8.3528 0.5000
269 1 0 0 10.8080 8.3235 0.5000
269 1 0 0 10.8120 8.3235 0.5000
269 1 0 0 10.6580 8.3235 0.5000
268 1 0 0 11.2860 7.9633 0.5000
268 1 0 0 11.3510 7.9633 0.5000
268 1 0 0 11.3070 7.9633 0.5000
267 1 0 0 11.6460 7.8513 0.5000
267 1 0 0 11.4940 7.8513 0.5000
267 1 0 0 11.4420 7.8513 0.5000
266 1 0 0 11.4420 9.0261 0.5000
266 1 0 0 11.4700 9.0261 0.5000
266 1 0 0 11.1140 9.0261 0.5000
265 1 0 0 13.8090 8.6869 0.5000
265 1 0 0 13.5780 8.6869 0.5000
265 1 0 0 13.6350 8.6869 0.5000
264 0 1 0 12.8700 8.4668 0.0000
264 0 1 0 14.0280 8.4668 0.0000
264 0 1 0 12.7040 8.4668 0.0000
263 1 0 0 10.8830 8.0851 0.5000
263 1 0 0 10.9960 8.0851 0.5000
263 1 0 0 10.9940 8.0851 0.5000
262 1 0 0 11.6340 7.9944 0.5000
262 1 0 0 11.6460 7.9944 0.5000
262 1 0 0 11.6310 7.9944 0.5000
261 1 0 0 10.7880 7.7656 0.5000
261 1 0 0 10.8360 7.7656 0.5000
261 1 0 0 10.7900 7.7656 0.5000
260 1 0 0 13.9190 8.1527 0.5000
260 1 0 0 14.6020 8.1527 0.5000
260 1 0 0 14.8420 8.1527 0.5000
259 1 0 0 14.3350 7.9560 0.5000
259 0 1 0 9.6410 7.9560 0.0000
259 1 0 0 11.7630 7.9560 0.5000
258 1 0 0 10.7130 9.2138 0.5000
258 1 0 0 10.7110 9.2138 0.5000
258 1 0 0 10.6850 9.2138 0.5000
257 1 0 0 10.7940 8.5552 0.5000
257 1 0 0 10.9000 8.5552 0.5000
257 1 0 0 10.8700 8.5552 0.5000
256 1 0 0 11.1120 7.7935 0.5000
256 1 0 0 11.0950 7.7935 0.5000
256 1 0 0 11.0960 7.7935 0.5000
255 1 0 0 12.3610 8.2343 0.5000
255 1 0 0 12.0510 8.2343 0.5000
255 1 0 0 12.4770 8.2343 0.5000
254 0 1 0 13.2990 8.3322 0.0000
254 0 1 0 14.6160 8.3322 0.0000
254 0 1 0 13.3740 8.3322 0.0000
253 1 0 0 11.2380 7.7807 0.5000
253 1 0 0 11.7510 7.7807 0.5000
253 1 0 0 11.1520 7.7807 0.5000
252 1 0 0 10.4230 7.6412 0.5000
252 1 0 0 10.4680 7.6412 0.5000
252 1 0 0 10.3910 7.6412 0.5000
251 1 0 0 10.5950 7.8992 0.5000
251 1 0 0 10.6150 7.8992 0.5000
251 1 0 0 10.5870 7.8992 0.5000
250 1 0 0 11.0180 7.7533 0.5000
250 1 0 0 11.1080 7.7533 0.5000
250 1 0 0 11.0850 7.7533 0.5000
249 1 0 0 11.1290 8.1320 0.5000
249 1 0 0 11.0960 8.1320 0.5000
249 1 0 0 11.2180 8.1320 0.5000
248 1 0 0 11.1260 7.9923 0.5000
248 1 0 0 11.1230 7.9923 0.5000
248 1 0 0 11.8300 7.9923 0.5000
247 1 0 0 10.8100 8.3974 0.5000
247 1 0 0 10.8100 8.3974 0.5000
247 1 0 0 10.7930 8.3974 0.5000
246 1 0 0 11.0430 7.9229 0.5000
246 1 0 0 11.1210 7.9229 0.5000
246 1 0 0 11.1980 7.9229 0.5000
245 0 1 0 13.5050 8.0073 0.0000
245 0 1 0 14.5020 8.0073 0.0000
245 0 1 0 13.3270 8.0073 0.0000
244 1 0 0 11.3240 7.8886 0.5000
244 1 0 0 11.1190 7.8886 0.5000
244 1 0 0 11.3000 7.8886 0.5000
243 0 1 0 12.6110 9.3565 0.0000
243 0 1 0 14.2600 9.3565 0.0000
243 0 1 0 10.2200 9.3565 0.0000
242 1 0 0 11.1550 7.8569 0.5000
242 1 0 0 11.0790 7.8569 0.5000
242 1 0 0 11.0560 7.8569 0.5000
241 1 0 0 12.5980 8.1083 0.5000
241 1 0 0 12.5600 8.1083 0.5000
241 1 0 0 12.4150 8.1083 0.5000
240 1 0 0 11.3320 8.8293 0.5000
240 1 0 0 11.4130 8.8293 0.5000
240 1 0 0 11.1850 8.8293 0.5000
239 1 0 0 11.4140 9.1256 0.5000
239 1 0 0 11.4370 9.1256 0.5000
239 1 0 0 11.4070 9.1256 0.5000
238 0 1 0 6.7520 8.2790 0.0000
238 0 1 0 5.7310 8.2790 0.0000
238 0 1 0 5.6930 8.2790 0.0000
237 1 0 0 10.7770 8.1846 0.5000
237 1 0 0 12.7470 8.1846 0.5000
237 0 1 0 17.9780 8.1846 0.0000
236 1 0 0 11.7340 7.8991 0.5000
236 1 0 0 11.7550 7.8991 0.5000
236 1 0 0 11.7360 7.8991 0.5000
235 1 0 0 11.2730 8.0172 0.5000
235 1 0 0 11.3070 8.0172 0.5000
235 1 0 0 11.3280 8.0172 0.5000
234 1 0 0 11.4370 7.8729 0.5000
234 1 0 0 11.0080 7.8729 0.5000
234 1 0 0 11.6020 7.8729 0.5000
233 1 0 0 10.7780 8.2097 0.5000
233 1 0 0 10.7970 8.2097 0.5000
233 1 0 0 10.7270 8.2097 0.5000
232 1 0 0 11.5510 8.5412 0.5000
232 1 0 0 11.5560 8.5412 0.5000
232 1 0 0 11.5140 8.5412 0.5000
231 0 1 0 7.3330 8.3411 0.0000
231 0 1 0 8.4370 8.3411 0.0000
231 0 1 0 10.4000 8.3411 0.0000
230 1 0 0 11.3090 8.1117 0.5000
230 1 0 0 11.2430 8.1117 0.5000
230 1 0 0 11.1460 8.1117 0.5000
229 1 0 0 11.5480 7.7993 0.5000
229 1 0 0 11.4480 7.7993 0.5000
229 1 0 0 12.4770 7.7993 0.5000
228 0 1 0 12.6980 8.7277 0.0000
228 0 1 0 8.4760 8.7277 0.0000
228 1 0 0 12.5500 8.7277 0.5000
227 1 0 0 10.9270 7.8473 0.5000
227 1 0 0 10.9680 7.8473 0.5000
227 1 0 0 10.9710 7.8473 0.5000
226 1 0 0 10.9310 7.8942 0.5000
226 1 0 0 10.9410 7.8942 0.5000
226 1 0 0 10.9350 7.8942 0.5000
225 1 0 0 10.8630 7.8481 0.5000
225 1 0 0 10.7710 7.8481 0.5000
225 1 0 0 10.8240 7.8481 0.5000
224 0 1 0 9.9480 7.9252 0.0000
224 0 1 0 10.4640 7.9252 0.0000
224 0 1 0 10.5810 7.9252 0.0000
223 1 0 0 11.3310 7.8783 0.5000
223 1 0 0 11.2340 7.8783 0.5000
223 1 0 0 11.4990 7.8783 0.5000
222 1 0 0 11.5140 8.0216 0.5000
222 1 0 0 11.3160 8.0216 0.5000
222 1 0 0 11.3270 8.0216 0.5000
221 1 0 0 12.8510 8.6512 0.5000
221 1 0 0 12.4920 8.6512 0.5000
221 1 0 0 12.2750 8.6512 0.5000
220 1 0 0 11.7380 8.0888 0.5000
220 1 0 0 11.7350 8.0888 0.5000
220 1 0 0 11.2300 8.0888 0.5000
219 0 1 0 12.4090 8.5526 0.0000
219 0 1 0 12.1630 8.5526 0.0000
219 0 1 0 12.1820 8.5526 0.0000
218 1 0 0 10.6050 8.0828 0.5000
218 1 0 0 10.5890 8.0828 0.5000
218 1 0 0 10.5980 8.0828 0.5000
217 1 0 0 12.4840 8.0196 0.5000
217 1 0 0 12.9410 8.0196 0.5000
217 1 0 0 12.9790 8.0196 0.5000
216 1 0 0 12.6930 8.0817 0.5000
216 1 0 0 12.3850 8.0817 0.5000
216 1 0 0 12.2880 8.0817 0.5000
215 1 0 0 11.1270 8.0547 0.5000
215 1 0 0 11.1010 8.0547 0.5000
215 1 0 0 11.1410 8.0547 0.5000
214 0 1 0 9.1140 8.4522 0.0000
214 1 0 0 12.8790 8.4522 0.5000
214 1 0 0 12.9660 8.4522 0.5000
213 1 0 0 10.9200 7.7458 0.5000
213 1 0 0 10.9540 7.7458 0.5000
213 1 0 0 10.9320 7.7458 0.5000
212 1 0 0 10.5710 7.9827 0.5000
212 1 0 0 10.6430 7.9827 0.5000
212 1 0 0 10.6270 7.9827 0.5000
211 1 0 0 10.9920 7.7384 0.5000
211 1 0 0 10.8620 7.7384 0.5000
211 1 0 0 11.0130 7.7384 0.5000
210 1 0 0 11.2640 7.7725 0.5000
210 1 0 0 11.3060 7.7725 0.5000
210 1 0 0 11.2380 7.7725 0.5000
209 0 1 0 4.9680 8.2509 0.0000
209 1 0 0 15.8550 8.2509 0.5000
209 1 0 0 12.4700 8.2509 0.5000
208 1 0 0 11.9370 8.3808 0.5000
208 1 0 0 12.0410 8.3808 0.5000
208 1 0 0 11.8090 8.3808 0.5000
207 0 1 0 3.8740 7.9796 0.0000
207 0 1 0 10.4770 7.9796 0.0000
207 0 1 0 3.9140 7.9796 0.0000
206 1 0 0 11.4680 8.2363 0.5000
206 1 0 0 11.1250 8.2363 0.5000
206 1 0 0 11.5630 8.2363 0.5000
205 1 0 0 11.0730 8.0101 0.5000
205 1 0 0 11.0830 8.0101 0.5000
205 1 0 0 11.1290 8.0101 0.5000
204 1 0 0 11.5500 9.3316 0.5000
204 1 0 0 11.5430 9.3316 0.5000
204 1 0 0 11.5110 9.3316 0.5000
203 1 0 0 12.3000 8.1183 0.5000
203 1 0 0 12.2710 8.1183 0.5000
203 1 0 0 12.6720 8.1183 0.5000
202 1 0 0 10.4590 7.7193 0.5000
202 1 0 0 10.5180 7.7193 0.5000
202 1 0 0 10.4890 7.7193 0.5000
201 1 0 0 10.9780 9.1857 0.5000
201 1 0 0 11.0070 9.1857 0.5000
201 1 0 0 11.0220 9.1857 0.5000
200 1 0 0 10.4840 7.8225 0.5000
200 1 0 0 10.4530 7.8225 0.5000
200 1 0 0 10.5490 7.8225 0.5000
199 0 1 0 10.2080 8.4647 0.0000
199 1 0 0 11.4250 8.4647 0.5000
199 1 0 0 11.4670 8.4647 0.5000
198 1 0 0 10.8650 8.1335 0.5000
198 1 0 0 10.8470 8.1335 0.5000
198 1 0 0 10.9100 8.1335 0.5000
197 0 1 0 10.3060 7.9041 0.0000
197 1 0 0 18.0160 7.9041 0.4387
197 0 1 0 11.0220 7.9041 0.0000
196 1 0 0 10.8150 7.8055 0.5000
196 1 0 0 10.7180 7.8055 0.5000
196 1 0 0 10.6990 7.8055 0.5000
195 1 0 0 11.6120 7.9816 0.5000
195 1 0 0 11.5490 7.9816 0.5000
195 1 0 0 11.5180 7.9816 0.5000
194 1 0 0 11.8880 7.9141 0.5000
194 1 0 0 11.7160 7.9141 0.5000
194 1 0 0 12.2370 7.9141 0.5000
193 1 0 0 11.2170 7.8801 0.5000
193 1 0 0 11.1100 7.8801 0.5000
193 1 0 0 11.1560 7.8801 0.5000
192 0 1 0 9.6480 8.0540 0.0000
192 0 1 0 7.3630 8.0540 0.0000
192 0 1 0 6.4810 8.0540 0.0000
191 1 0 0 13.2110 8.5544 0.5000
191 0 1 0 7.9870 8.5544 0.0000
191 1 0 0 13.0990 8.5544 0.5000
190 1 0 0 11.5200 7.9549 0.5000
190 1 0 0 11.5240 7.9549 0.5000
190 1 0 0 11.0430 7.9549 0.5000
189 1 0 0 10.9150 7.8867 0.5000
189 1 0 0 10.8090 7.8867 0.5000
189 1 0 0 10.8160 7.8867 0.5000
188 1 0 0 12.3870 8.0758 0.5000
188 1 0 0 12.4950 8.0758 0.5000
188 1 0 0 12.3090 8.0758 0.5000
187 1 0 0 10.9360 7.9598 0.5000
187 1 0 0 10.8950 7.9598 0.5000
187 1 0 0 10.9900 7.9598 0.5000
186 1 0 0 11.4870 8.3575 0.5000
186 1 0 0 11.4680 8.3575 0.5000
186 1 0 0 11.4810 8.3575 0.5000
185 1 0 0 11.2900 8.0579 0.5000
185 1 0 0 11.0920 8.0579 0.5000
185 1 0 0 11.1030 8.0579 0.5000
184 1 0 0 11.2130 8.5925 0.5000
184 1 0 0 11.1740 8.5925 0.5000
184 1 0 0 11.2220 8.5925 0.5000
183 1 0 0 11.3840 7.9435 0.5000
183 1 0 0 11.3410 7.9435 0.5000
183 1 0 0 10.7760 7.9435 0.5000
182 1 0 0 11.9360 7.8242 0.5000
182 1 0 0 12.0590 7.8242 0.5000
182 1 0 0 11.9330 7.8242 0.5000
181 1 0 0 11.8780 8.5661 0.5000
181 1 0 0 12.3160 8.5661 0.5000
181 1 0 0 12.6430 8.5661 0.5000
180 1 0 0 12.2320 8.1770 0.5000
180 1 0 0 12.1570 8.1770 0.5000
180 1 0 0 13.1990 8.1770 0.5000
179 1 0 0 11.3220 7.9033 0.5000
179 1 0 0 11.3900 7.9033 0.5000
179 1 0 0 11.4070 7.9033 0.5000
178 1 0 0 11.0390 7.9380 0.5000
178 1 0 0 11.0250 7.9380 0.5000
178 1 0 0 11.0250 7.9380 0.5000
177 1 0 0 10.8370 9.1208 0.5000
177 1 0 0 10.8590 9.1208 0.5000
177 1 0 0 11.0550 9.1208 0.5000
176 1 0 0 13.7020 7.9041 0.5000
176 1 0 0 14.2660 7.9041 0.5000
176 1 0 0 13.8010 7.9041 0.5000
175 1 0 0 11.3310 8.1769 0.5000
175 1 0 0 11.4600 8.1769 0.5000
175 1 0 0 11.4410 8.1769 0.5000
174 1 0 0 10.8030 7.8371 0.5000
174 1 0 0 10.8980 7.8371 0.5000
174 1 0 0 10.8700 7.8371 0.5000
173 1 0 0 10.9180 7.7193 0.5000
173 1 0 0 10.9250 7.7193 0.5000
173 1 0 0 10.8530 7.7193 0.5000
172 1 0 0 10.9780 7.8436 0.5000
172 1 0 0 11.4260 7.8436 0.5000
172 1 0 0 12.6370 7.8436 0.5000
171 1 0 0 11.6390 8.1017 0.5000
171 1 0 0 11.5430 8.1017 0.5000
171 1 0 0 11.4550 8.1017 0.5000
170 1 0 0 10.7770 8.5370 0.5000
170 1 0 0 10.7560 8.5370 0.5000
170 1 0 0 10.8740 8.5370 0.5000
169 1 0 0 10.9620 7.9483 0.5000
169 1 0 0 11.0350 7.9483 0.5000
169 1 0 0 10.9710 7.9483 0.5000
168 1 0 0 11.8650 8.2366 0.5000
168 1 0 0 11.9900 8.2366 0.5000
168 1 0 0 11.8430 8.2366 0.5000
167 1 0 0 13.7480 8.5229 0.5000
167 1 0 0 14.3390 8.5229 0.5000
167 1 0 0 13.1230 8.5229 0.5000
166 1 0 0 10.6890 7.6616 0.5000
166 1 0 0 10.7210 7.6616 0.5000
166 1 0 0 10.6320 7.6616 0.5000
165 1 0 0 11.6520 7.8863 0.5000
165 1 0 0 11.9620 7.8863 0.5000
165 1 0 0 11.9430 7.8863 0.5000
164 1 0 0 10.7190 8.6209 0.5000
164 1 0 0 10.7930 8.6209 0.5000
164 1 0 0 10.7620 8.6209 0.5000
163 1 0 0 13.2130 8.2331 0.5000
163 1 0 0 13.0150 8.2331 0.5000
163 1 0 0 13.6240 8.2331 0.5000
162 1 0 0 11.1010 7.9140 0.5000
162 1 0 0 11.1200 7.9140 0.5000
162 1 0 0 11.1370 7.9140 0.5000
161 1 0 0 10.6000 7.9445 0.5000
161 1 0 0 10.6340 7.9445 0.5000
161 1 0 0 10.7270 7.9445 0.5000
160 1 0 0 10.6880 8.1290 0.5000
160 1 0 0 10.6580 8.1290 0.5000
160 1 0 0 10.6890 8.1290 0.5000
159 1 0 0 10.6100 8.1268 0.5000
159 1 0 0 10.6460 8.1268 0.5000
159 1 0 0 10.6110 8.1268 0.5000
158 1 0 0 11.1560 7.8738 0.5000
158 1 0 0 11.0760 7.8738 0.5000
158 1 0 0 11.1220 7.8738 0.5000
157 1 0 0 10.9930 8.7112 0.5000
157 1 0 0 11.0010 8.7112 0.5000
157 1 0 0 10.9920 8.7112 0.5000
156 1 0 0 10.8410 7.6779 0.5000
156 1 0 0 10.7910 7.6779 0.5000
156 1 0 0 10.7970 7.6779 0.5000
155 1 0 0 10.9100 7.8592 0.5000
155 1 0 0 10.8260 7.8592 0.5000
155 1 0 0 10.8840 7.8592 0.5000
154 1 0 0 10.5620 7.8169 0.5000
154 1 0 0 10.6090 7.8169 0.5000
154 1 0 0 10.5400 7.8169 0.5000
153 1 0 0 11.6200 8.3175 0.5000
153 1 0 0 11.7800 8.3175 0.5000
153 1 0 0 11.5530 8.3175 0.5000
152 1 0 0 11.1240 8.1617 0.5000
152 1 0 0 11.1690 8.1617 0.5000
152 1 0 0 11.0820 8.1617 0.5000
151 1 0 0 10.9330 7.9335 0.5000
151 1 0 0 10.8960 7.9335 0.5000
151 1 0 0 10.9750 7.9335 0.5000
150 1 0 0 11.7400 7.9223 0.5000
150 1 0 0 11.6210 7.9223 0.5000
150 1 0 0 11.6200 7.9223 0.5000
149 1 0 0 10.7320 8.5702 0.5000
149 1 0 0 10.7630 8.5702 0.5000
149 1 0 0 10.7970 8.5702 0.5000
148 1 0 0 10.9450 7.9772 0.5000
148 1 0 0 10.9400 7.9772 0.5000
148 1 0 0 10.9080 7.9772 0.5000
147 1 0 0 10.5720 8.0566 0.5000
147 1 0 0 10.4510 8.0566 0.5000
147 1 0 0 10.5320 8.0566 0.5000
146 1 0 0 10.9930 8.2562 0.5000
146 1 0 0 11.0390 8.2562 0.5000
146 1 0 0 10.9950 8.2562 0.5000
145 1 0 0 10.4270 7.9406 0.5000
145 1 0 0 10.5150 7.9406 0.5000
145 1 0 0 10.4880 7.9406 0.5000
144 1 0 0 10.9890 7.9683 0.5000
144 1 0 0 11.0250 7.9683 0.5000
144 1 0 0 11.0680 7.9683 0.5000
143 1 0 0 12.8010 8.1052 0.5000
143 1 0 0 12.8880 8.1052 0.5000
143 0 1 0 7.1100 8.1052 0.0000
142 1 0 0 11.6910 8.0336 0.5000
142 1 0 0 11.6840 8.0336 0.5000
142 1 0 0 12.0720 8.0336 0.5000
141 1 0 0 10.4080 8.0581 0.5000
141 1 0 0 10.4850 8.0581 0.5000
141 1 0 0 10.4810 8.0581 0.5000
140 1 0 0 12.1500 7.8845 0.5000
140 1 0 0 12.5620 7.8845 0.5000
140 1 0 0 12.3730 7.8845 0.5000
139 1 0 0 10.3650 7.6318 0.5000
139 1 0 0 10.3890 7.6318 0.5000
139 1 0 0 10.3770 7.6318 0.5000
138 1 0 0 14.0320 9.0486 0.5000
138 1 0 0 13.4820 9.0486 0.5000
138 1 0 0 14.9560 9.0486 0.5000
137 1 0 0 13.3560 7.9894 0.5000
137 1 0 0 13.3130 7.9894 0.5000
137 1 0 0 13.6150 7.9894 0.5000
136 1 0 0 10.9930 7.9794 0.5000
136 1 0 0 11.0080 7.9794 0.5000
136 1 0 0 10.9150 7.9794 0.5000
135 1 0 0 11.1070 7.8433 0.5000
135 1 0 0 11.0400 7.8433 0.5000
135 1 0 0 11.0860 7.8433 0.5000
134 1 0 0 10.8490 7.8535 0.5000
134 1 0 0 10.9010 7.8535 0.5000
134 1 0 0 10.8780 7.8535 0.5000
133 1 0 0 10.5850 7.8878 0.5000
133 1 0 0 10.5450 7.8878 0.5000
133 1 0 0 10.6330 7.8878 0.5000
132 1 0 0 12.4110 7.8821 0.5000
132 1 0 0 12.5190 7.8821 0.5000
132 1 0 0 12.3410 7.8821 0.5000
131 1 0 0 10.8600 8.9195 0.5000
131 1 0 0 10.8940 8.9195 0.5000
131 1 0 0 10.8380 8.9195 0.5000
130 1 0 0 10.6040 8.0658 0.5000
130 1 0 0 10.4930 8.0658 0.5000
130 1 0 0 10.4820 8.0658 0.5000
129 1 0 0 12.1150 8.2893 0.5000
129 0 1 0 7.3870 8.2893 0.0000
129 1 0 0 10.9410 8.2893 0.5000
128 1 0 0 10.4840 7.9857 0.5000
128 1 0 0 10.5590 7.9857 0.5000
128 1 0 0 10.6340 7.9857 0.5000
127 1 0 0 12.4570 8.1692 0.5000
127 1 0 0 12.3810 8.1692 0.5000
127 1 0 0 12.4400 8.1692 0.5000
126 1 0 0 12.4500 7.9794 0.5000
126 1 0 0 12.3210 7.9794 0.5000
126 1 0 0 12.4080 7.9794 0.5000
125 1 0 0 10.5130 7.9724 0.5000
125 1 0 0 10.4820 7.9724 0.5000
125 1 0 0 10.6000 7.9724 0.5000
124 1 0 0 11.4350 8.8665 0.5000
124 1 0 0 11.3950 8.8665 0.5000
124 1 0 0 12.3060 8.8665 0.5000
123 1 0 0 11.9210 8.1178 0.5000
123 1 0 0 11.9240 8.1178 0.5000
123 1 0 0 11.9130 8.1178 0.5000
122 1 0 0 10.8490 8.1767 0.5000
122 1 0 0 10.8190 8.1767 0.5000
122 1 0 0 11.1220 8.1767 0.5000
121 1 0 0 11.5700 8.2653 0.5000
121 1 0 0 11.5350 8.2653 0.5000
121 1 0 0 11.5310 8.2653 0.5000
120 1 0 0 12.7180 8.1746 0.5000
120 1 0 0 12.7890 8.1746 0.5000
120 1 0 0 12.9270 8.1746 0.5000
119 1 0 0 11.2150 8.5615 0.5000
119 1 0 0 11.2230 8.5615 0.5000
119 1 0 0 11.1340 8.5615 0.5000
118 0 1 0 6.8070 8.1824 0.0000
118 1 0 0 11.2450 8.1824 0.5000
118 0 1 0 6.7070 8.1824 0.0000
117 1 0 0 12.9900 8.4771 0.5000
117 1 0 0 14.3070 8.4771 0.5000
117 1 0 0 15.3020 8.4771 0.5000
116 1 0 0 10.4840 7.7156 0.5000
116 1 0 0 10.5110 7.7156 0.5000
116 1 0 0 10.4960 7.7156 0.5000
115 1 0 0 10.9170 7.9910 0.5000
115 1 0 0 10.9600 7.9910 0.5000
115 1 0 0 10.9600 7.9910 0.5000
114 0 1 0 7.1010 8.7138 0.0000
114 0 1 0 12.4060 8.7138 0.0000
114 0 1 0 11.4270 8.7138 0.0000
113 1 0 0 11.3190 8.1481 0.5000
113 1 0 0 11.3040 8.1481 0.5000
113 1 0 0 11.2690 8.1481 0.5000
112 1 0 0 11.0680 8.4223 0.5000
112 1 0 0 11.0950 8.4223 0.5000
112 1 0 0 11.0350 8.4223 0.5000
111 0 1 0 14.3760 9.1523 0.0000
111 0 1 0 14.9910 9.1523 0.0000
111 0 1 0 14.5320 9.1523 0.0000
110 1 0 0 10.5530 8.2940 0.5000
110 1 0 0 10.6370 8.2940 0.5000
110 1 0 0 10.6070 8.2940 0.5000
109 1 0 0 10.5920 8.1010 0.5000
109 1 0 0 10.5750 8.1010 0.5000
109 1 0 0 10.5760 8.1010 0.5000
108 1 0 0 10.8040 7.8203 0.5000
108 1 0 0 10.8550 7.8203 0.5000
108 1 0 0 10.8010 7.8203 0.5000
107 1 0 0 10.9650 8.4351 0.5000
107 1 0 0 10.9380 8.4351 0.5000
107 1 0 0 10.9050 8.4351 0.5000
106 1 0 0 11.4620 8.0814 0.5000
106 1 0 0 11.4200 8.0814 0.5000
106 1 0 0 11.7190 8.0814 0.5000
105 1 0 0 11.8640 8.0305 0.5000
105 0 1 0 8.1690 8.0305 0.0000
105 1 0 0 11.8350 8.0305 0.5000
104 1 0 0 11.3360 8.0377 0.5000
104 1 0 0 11.3610 8.0377 0.5000
104 1 0 0 11.4740 8.0377 0.5000
103 1 0 0 12.2640 8.0334 0.5000
103 1 0 0 12.1380 8.0334 0.5000
103 1 0 0 12.2120 8.0334 0.5000
102 1 0 0 11.6750 7.7503 0.5000
102 1 0 0 11.4500 7.7503 0.5000
102 1 0 0 12.0220 7.7503 0.5000
101 1 0 0 10.7300 7.5407 0.5000
101 1 0 0 10.7050 7.5407 0.5000
101 1 0 0 10.7040 7.5407 0.5000
100 1 0 0 10.9940 7.8551 0.5000
100 1 0 0 11.1050 7.8551 0.5000
100 1 0 0 11.0900 7.8551 0.5000
99 0 1 0 12.1520 8.1238 0.0000
99 0 1 0 12.7990 8.1238 0.0000
99 0 1 0 8.4190 8.1238 0.0000
98 1 0 0 10.4850 7.8888 0.5000
98 1 0 0 10.5020 7.8888 0.5000
98 1 0 0 10.5960 7.8888 0.5000
97 1 0 0 10.6900 7.7844 0.5000
97 1 0 0 10.7170 7.7844 0.5000
97 1 0 0 10.7800 7.7844 0.5000
96 1 0 0 10.9040 8.0041 0.5000
96 1 0 0 10.9080 8.0041 0.5000
96 1 0 0 10.9200 8.0041 0.5000
95 1 0 0 10.4840 7.7005 0.5000
95 1 0 0 10.4750 7.7005 0.5000
95 1 0 0 10.5250 7.7005 0.5000
94 1 0 0 10.3930 7.5209 0.5000
94 1 0 0 10.3450 7.5209 0.5000
94 1 0 0 10.4140 7.5209 0.5000
93 1 0 0 10.3620 7.7830 0.5000
93 1 0 0 10.3770 7.7830 0.5000
93 1 0 0 10.3730 7.7830 0.5000
92 1 0 0 10.5940 7.6940 0.5000
92 1 0 0 10.5900 7.6940 0.5000
92 1 0 0 10.6020 7.6940 0.5000
91 1 0 0 11.3420 8.1617 0.5000
91 1 0 0 11.2180 8.1617 0.5000
91 1 0 0 11.2310 8.1617 0.5000
90 1 0 0 10.8830 7.9466 0.5000
90 1 0 0 10.7950 7.9466 0.5000
90 1 0 0 10.8220 7.9466 0.5000
89 1 0 0 10.5210 8.0393 0.5000
89 1 0 0 10.5050 8.0393 0.5000
89 1 0 0 10.5080 8.0393 0.5000
88 1 0 0 10.8290 7.7476 0.5000
88 1 0 0 10.7920 7.7476 0.5000
88 1 0 0 10.8040 7.7476 0.5000
87 1 0 0 10.7690 7.9960 0.5000
87 1 0 0 10.8420 7.9960 0.5000
87 1 0 0 10.7450 7.9960 0.5000
86 1 0 0 13.0130 7.9096 0.5000
86 1 0 0 11.6310 7.9096 0.5000
86 1 0 0 12.5820 7.9096 0.5000
85 0 1 0 6.1830 7.9264 0.0000
85 0 1 0 9.3300 7.9264 0.0000
85 0 1 0 3.9660 7.9264 0.0000
84 1 0 0 10.4570 7.8991 0.5000
84 1 0 0 10.4040 7.8991 0.5000
84 1 0 0 10.4870 7.8991 0.5000
83 1 0 0 10.8410 8.8306 0.5000
83 1 0 0 11.0020 8.8306 0.5000
83 1 0 0 10.9330 8.8306 0.5000
82 1 0 0 10.7110 9.1396 0.5000
82 1 0 0 10.7560 9.1396 0.5000
82 1 0 0 10.7580 9.1396 0.5000
81 1 0 0 10.9160 7.7123 0.5000
81 1 0 0 10.9360 7.7123 0.5000
81 1 0 0 10.8950 7.7123 0.5000
80 1 0 0 12.1820 8.0481 0.5000
80 1 0 0 11.9700 8.0481 0.5000
80 1 0 0 12.0820 8.0481 0.5000
79 1 0 0 10.6910 7.8461 0.5000
79 1 0 0 10.6570 7.8461 0.5000
79 1 0 0 10.6590 7.8461 0.5000
78 1 0 0 11.0130 9.0217 0.5000
78 1 0 0 11.0260 9.0217 0.5000
78 1 0 0 11.0910 9.0217 0.5000
77 1 0 0 10.7780 7.8372 0.5000
77 1 0 0 10.8400 7.8372 0.5000
77 1 0 0 10.8430 7.8372 0.5000
76 1 0 0 10.6230 7.8180 0.5000
76 1 0 0 10.7150 7.8180 0.5000
76 1 0 0 10.7290 7.8180 0.5000
75 1 0 0 10.4200 7.8305 0.5000
75 1 0 0 10.3970 7.8305 0.5000
75 1 0 0 10.3700 7.8305 0.5000
74 1 0 0 10.8010 8.5940 0.5000
74 1 0 0 10.8620 8.5940 0.5000
74 1 0 0 10.8380 8.5940 0.5000
73 1 0 0 10.5960 8.2208 0.5000
73 1 0 0 10.6180 8.2208 0.5000
73 1 0 0 10.5890 8.2208 0.5000
72 1 0 0 10.3640 7.7543 0.5000
72 1 0 0 10.3030 7.7543 0.5000
72 1 0 0 10.3160 7.7543 0.5000
71 1 0 0 10.3800 7.8322 0.5000
71 1 0 0 10.4150 7.8322 0.5000
71 1 0 0 10.4290 7.8322 0.5000
70 1 0 0 10.7970 7.9155 0.5000
70 1 0 0 10.8900 7.9155 0.5000
70 1 0 0 10.9450 7.9155 0.5000
69 1 0 0 10.9070 8.1977 0.5000
69 1 0 0 10.8960 8.1977 0.5000
69 1 0 0 10.8890 8.1977 0.5000
68 1 0 0 10.3920 8.2917 0.5000
68 1 0 0 10.4260 8.2917 0.5000
68 1 0 0 10.5010 8.2917 0.5000
67 1 0 0 10.3790 7.6937 0.5000
67 1 0 0 10.4360 7.6937 0.5000
67 1 0 0 10.3910 7.6937 0.5000
66 1 0 0 11.0390 7.8316 0.5000
66 1 0 0 11.0090 7.8316 0.5000
66 1 0 0 10.9540 7.8316 0.5000
65 1 0 0 10.6930 8.4451 0.5000
65 1 0 0 10.7230 8.4451 0.5000
65 1 0 0 10.7930 8.4451 0.5000
64 1 0 0 11.0170 7.9270 0.5000
64 1 0 0 11.0080 7.9270 0.5000
64 1 0 0 10.9330 7.9270 0.5000
63 1 0 0 10.5190 7.7779 0.5000
63 1 0 0 10.5720 7.7779 0.5000
63 1 0 0 10.5210 7.7779 0.5000
62 0 1 0 7.2370 8.3808 0.0000
62 1 0 0 12.4410 8.3808 0.5000
62 1 0 0 12.6120 8.3808 0.5000
61 1 0 0 10.3040 7.9289 0.5000
61 1 0 0 10.3780 7.9289 0.5000
61 1 0 0 10.4020 7.9289 0.5000
60 1 0 0 10.4970 7.9057 0.5000
60 1 0 0 10.4080 7.9057 0.5000
60 1 0 0 10.4850 7.9057 0.5000
59 1 0 0 11.3560 8.1423 0.5000
59 1 0 0 10.9250 8.1423 0.5000
59 1 0 0 11.5670 8.1423 0.5000
58 0 1 0 18.7410 8.9805 0.0000
58 0 1 0 14.4030 8.9805 0.0000
58 0 1 0 19.4010 8.9805 0.0000
57 1 0 0 10.7150 7.8134 0.5000
57 1 0 0 10.7090 7.8134 0.5000
57 1 0 0 10.6580 7.8134 0.5000
56 1 0 0 10.9130 7.7156 0.5000
56 1 0 0 10.8610 7.7156 0.5000
56 1 0 0 10.8890 7.7156 0.5000
55 1 0 0 11.2080 8.5876 0.5000
55 1 0 0 11.0420 8.5876 0.5000
55 1 0 0 10.9850 8.5876 0.5000
54 1 0 0 10.7140 7.9491 0.5000
54 1 0 0 10.6620 7.9491 0.5000
54 1 0 0 10.6060 7.9491 0.5000
53 1 0 0 10.7350 7.8473 0.5000
53 1 0 0 10.7940 7.8473 0.5000
53 1 0 0 10.8420 7.8473 0.5000
52 1 0 0 10.9280 7.8009 0.5000
52 1 0 0 10.8680 7.8009 0.5000
52 1 0 0 10.8800 7.8009 0.5000
51 1 0 0 10.6590 7.9923 0.5000
51 1 0 0 10.7060 7.9923 0.5000
51 1 0 0 10.9020 7.9923 0.5000
50 1 0 0 11.4570 8.6067 0.5000
50 1 0 0 11.4470 8.6067 0.5000
50 1 0 0 11.9900 8.6067 0.5000
49 1 0 0 10.9600 8.3051 0.5000
49 1 0 0 11.0460 8.3051 0.5000
49 1 0 0 10.9980 8.3051 0.5000
48 1 0 0 11.2060 8.1198 0.5000
48 1 0 0 11.2440 8.1198 0.5000
48 1 0 0 11.2070 8.1198 0.5000
47 1 0 0 10.8270 7.8125 0.5000
47 1 0 0 10.7890 7.8125 0.5000
47 1 0 0 10.7480 7.8125 0.5000
46 1 0 0 10.9140 7.7710 0.5000
46 1 0 0 10.9190 7.7710 0.5000
46 1 0 0 10.8710 7.7710 0.5000
45 0 1 0 14.2900 8.4464 0.0000
45 0 1 0 12.3420 8.4464 0.0000
45 0 1 0 6.8500 8.4464 0.0000
44 1 0 0 10.6590 8.4001 0.5000
44 1 0 0 10.6910 8.4001 0.5000
44 1 0 0 10.6920 8.4001 0.5000
43 1 0 0 11.4460 8.0669 0.5000
43 1 0 0 11.4710 8.0669 0.5000
43 1 0 0 11.4420 8.0669 0.5000
42 1 0 0 10.3550 8.0423 0.5000
42 1 0 0 10.3320 8.0423 0.5000
42 1 0 0 10.3920 8.0423 0.5000
41 1 0 0 10.3160 7.8746 0.5000
41 1 0 0 10.3110 7.8746 0.5000
41 1 0 0 10.3640 7.8746 0.5000
40 1 0 0 10.3420 7.8574 0.5000
40 1 0 0 10.3020 7.8574 0.5000
40 1 0 0 10.2830 7.8574 0.5000
39 1 0 0 10.5180 8.0287 0.5000
39 1 0 0 10.4120 8.0287 0.5000
39 1 0 0 10.4050 8.0287 0.5000
38 1 0 0 10.8380 8.3833 0.5000
38 1 0 0 10.8630 8.3833 0.5000
38 1 0 0 10.8270 8.3833 0.5000
37 1 0 0 10.8870 8.1582 0.5000
37 1 0 0 10.9170 8.1582 0.5000
37 1 0 0 10.9030 8.1582 0.5000
36 1 0 0 10.3810 7.7655 0.5000
36 1 0 0 10.4030 7.7655 0.5000
36 1 0 0 10.3980 7.7655 0.5000
35 1 0 0 10.4220 7.9484 0.5000
35 1 0 0 10.4270 7.9484 0.5000
35 1 0 0 10.4550 7.9484 0.5000
34 1 0 0 10.7060 7.9460 0.5000
34 1 0 0 10.7010 7.9460 0.5000
34 1 0 0 10.7320 7.9460 0.5000
33 0 1 0 6.0080 8.7517 0.0000
33 0 1 0 12.2080 8.7517 0.0000
33 1 0 0 12.9480 8.7517 0.5000
32 1 0 0 10.4600 8.1038 0.5000
32 1 0 0 10.4320 8.1038 0.5000
32 1 0 0 10.3860 8.1038 0.5000
31 1 0 0 10.8670 7.9322 0.5000
31 1 0 0 10.8130 7.9322 0.5000
31 1 0 0 10.8160 7.9322 0.5000
30 0 1 0 11.8440 8.4118 0.0000
30 0 1 0 11.0210 8.4118 0.0000
30 1 0 0 12.2330 8.4118 0.5000
29 1 0 0 10.9030 8.3082 0.5000
29 1 0 0 10.9300 8.3082 0.5000
29 1 0 0 10.9100 8.3082 0.5000
28 1 0 0 10.7610 7.9034 0.5000
28 1 0 0 10.7160 7.9034 0.5000
28 1 0 0 10.6730 7.9034 0.5000
27 1 0 0 10.4940 8.2087 0.5000
27 1 0 0 10.6030 8.2087 0.5000
27 1 0 0 10.5350 8.2087 0.5000
26 1 0 0 10.9010 8.2018 0.5000
26 1 0 0 10.8300 8.2018 0.5000
26 1 0 0 10.8580 8.2018 0.5000
25 1 0 0 10.5490 8.4024 0.5000
25 1 0 0 10.4720 8.4024 0.5000
25 1 0 0 10.4850 8.4024 0.5000
24 1 0 0 11.1020 8.6556 0.5000
24 1 0 0 11.0440 8.6556 0.5000
24 1 0 0 11.0330 8.6556 0.5000
23 1 0 0 10.4860 8.2098 0.5000
23 1 0 0 10.4570 8.2098 0.5000
23 1 0 0 10.5120 8.2098 0.5000
22 1 0 0 10.8180 8.3342 0.5000
22 1 0 0 10.9590 8.3342 0.5000
22 1 0 0 10.8800 8.3342 0.5000
21 1 0 0 10.7880 8.2299 0.5000
21 1 0 0 10.7900 8.2299 0.5000
21 1 0 0 10.8380 8.2299 0.5000
20 1 0 0 10.6510 8.0363 0.5000
20 1 0 0 10.7330 8.0363 0.5000
20 1 0 0 10.8120 8.0363 0.5000
19 0 1 0 13.7370 8.8619 0.0000
19 0 1 0 13.4240 8.8619 0.0000
19 0 1 0 12.4040 8.8619 0.0000
18 1 0 0 10.7570 8.2617 0.5000
18 1 0 0 10.8160 8.2617 0.5000
18 1 0 0 10.8360 8.2617 0.5000
17 1 0 0 10.8220 8.0132 0.5000
17 1 0 0 10.7510 8.0132 0.5000
17 1 0 0 10.7500 8.0132 0.5000
16 1 0 0 11.0790 8.4080 0.5000
16 1 0 0 11.0860 8.4080 0.5000
16 1 0 0 11.0990 8.4080 0.5000
15 1 0 0 11.0150 8.1937 0.5000
15 1 0 0 11.1150 8.1937 0.5000
15 1 0 0 11.1220 8.1937 0.5000
14 1 0 0 10.8000 8.5018 0.5000
14 1 0 0 10.7320 8.5018 0.5000
14 1 0 0 10.8040 8.5018 0.5000
13 1 0 0 10.3630 8.8614 0.5000
13 1 0 0 10.4580 8.8614 0.5000
13 1 0 0 10.4160 8.8614 0.5000
12 1 0 0 11.3380 8.3184 0.5000
12 1 0 0 11.3420 8.3184 0.5000
12 1 0 0 11.3560 8.3184 0.5000
11 1 0 0 10.8240 8.2977 0.5000
11 1 0 0 10.7450 8.2977 0.5000
11 1 0 0 10.6980 8.2977 0.5000
10 1 0 0 10.7610 8.0201 0.5000
10 1 0 0 10.7740 8.0201 0.5000
10 1 0 0 10.8120 8.0201 0.5000
9 1 0 0 10.4920 8.3008 0.5000
9 1 0 0 10.4850 8.3008 0.5000
9 1 0 0 10.4290 8.3008 0.5000
8 1 0 0 10.8230 8.1098 0.5000
8 1 0 0 10.7480 8.1098 0.5000
8 1 0 0 10.8020 8.1098 0.5000
7 1 0 0 10.7970 8.6485 0.5000
7 1 0 0 10.8680 8.6485 0.5000
7 1 0 0 10.8840 8.6485 0.5000
6 1 0 0 10.8500 8.7320 0.5000
6 1 0 0 10.7230 8.7320 0.5000
6 1 0 0 10.8540 8.7320 0.5000
5 1 0 0 10.4080 8.3924 0.5000
5 1 0 0 10.4630 8.3924 0.5000
5 1 0 0 10.4280 8.3924 0.5000
4 1 0 0 11.3080 8.4641 0.5000
4 1 0 0 11.4110 8.4641 0.5000
4 1 0 0 11.2370 8.4641 0.5000
3 1 0 0 10.5080 8.4734 0.5000
3 1 0 0 10.4870 8.4734 0.5000
3 1 0 0 10.5180 8.4734 0.5000
2 1 0 0 10.5940 8.8156 0.5000
2 1 0 0 10.5280 8.8156 0.5000
2 1 0 0 10.5010 8.8156 0.5000
1 1 0 0 10.7950 8.7136 0.5000
1 1 0 0 10.7090 8.7136 0.5000
1 1 0 0 10.8360 8.7136 0.5000
