299 1 0 0 10.4810 7.8943 0.5000
299 1 0 0 10.7660 7.8943 0.5000
299 0 1 0 11.0370 7.8943 0.0000
298 1 0 0 10.0700 8.1066 0.5000
298 1 0 0 9.7780 8.1066 0.5000
298 1 0 0 9.9510 8.1066 0.5000
297 1 0 0 10.2160 8.5215 0.5000
297 1 0 0 10.9130 8.5215 0.5000
297 1 0 0 9.9580 8.5215 0.5000
296 1 0 0 10.5330 8.1588 0.5000
296 1 0 0 10.2800 8.1588 0.5000
296 1 0 0 10.1810 8.1588 0.5000
295 1 0 0 15.0470 8.0522 0.5000
295 1 0 0 14.9400 8.0522 0.5000
295 1 0 0 15.1910 8.0522 0.5000
294 0 1 0 12.6860 8.3546 0.0000
294 0 1 0 12.2340 8.3546 0.0000
294 0 1 0 15.6780 8.3546 0.0000
293 1 0 0 13.5550 8.1166 0.5000
293 1 0 0 11.5730 8.1166 0.5000
293 1 0 0 11.2620 8.1166 0.5000
292 1 0 0 10.9980 8.3615 0.5000
292 1 0 0 10.9710 8.3615 0.5000
292 0 1 0 13.4570 8.3615 0.0000
291 1 0 0 7.6400 8.4414 0.5000
291 1 0 0 7.5360 8.4414 0.5000
291 1 0 0 7.3560 8.4414 0.5000
290 1 0 0 10.1130 8.2756 0.5000
290 1 0 0 10.6060 8.2756 0.5000
290 1 0 0 9.3050 8.2756 0.5000
289 1 0 0 10.0440 8.6135 0.5000
289 1 0 0 10.4990 8.6135 0.5000
289 1 0 0 10.6070 8.6135 0.5000
288 1 0 0 12.3290 8.7374 0.5000
288 1 0 0 12.1370 8.7374 0.5000
288 1 0 0 13.1740 8.7374 0.5000
287 1 0 0 10.9410 8.8475 0.5000
287 1 0 0 11.7030 8.8475 0.5000
287 1 0 0 10.9020 8.8475 0.5000
286 1 0 0 9.3210 8.9715 0.5000
286 1 0 0 9.1790 8.9715 0.5000
286 1 0 0 9.5490 8.9715 0.5000
285 1 0 0 12.7370 8.0789 0.5000
285 1 0 0 12.7100 8.0789 0.5000
285 1 0 0 13.0700 8.0789 0.5000
284 0 1 0 18.2520 7.9792 0.0000
284 0 1 0 17.9110 7.9792 0.0000
284 0 1 0 13.0030 7.9792 0.0000
283 1 0 0 19.1300 8.3117 0.4345
283 0 0 1 20.0660 8.3117 0.0000
283 0 0 1 20.0950 8.3117 0.0000
282 0 1 0 15.5290 8.4952 0.0000
282 0 0 1 20.0910 8.4952 0.0000
282 0 1 0 15.3160 8.4952 0.0000
281 0 1 0 12.1370 8.7492 0.0000
281 0 1 0 12.6280 8.7492 0.0000
281 0 0 1 20.0500 8.7492 0.0000
280 1 0 0 10.9270 8.8536 0.5000
280 1 0 0 10.9490 8.8536 0.5000
280 1 0 0 11.0560 8.8536 0.5000
279 1 0 0 10.8060 8.8454 0.5000
279 1 0 0 10.7560 8.8454 0.5000
279 1 0 0 10.7770 8.8454 0.5000
278 1 0 0 12.7510 7.9938 0.5000
278 1 0 0 11.8830 7.9938 0.5000
278 0 0 1 20.0760 7.9938 0.0000
277 1 0 0 10.3490 7.8863 0.5000
277 1 0 0 9.9760 7.8863 0.5000
277 1 0 0 9.9360 7.8863 0.5000
276 1 0 0 13.8500 8.7216 0.5000
276 1 0 0 12.7610 8.7216 0.5000
276 1 0 0 12.5520 8.7216 0.5000
275 0 0 1 20.0030 7.8943 0.0000
275 0 1 0 12.1780 7.8943 0.0000
275 0 1 0 10.9580 7.8943 0.0000
274 1 0 0 5.8840 8.1381 0.5000
274 1 0 0 5.9500 8.1381 0.5000
274 1 0 0 5.8800 8.1381 0.5000
273 1 0 0 12.7030 8.2953 0.5000
273 1 0 0 12.6190 8.2953 0.5000
273 1 0 0 12.8330 8.2953 0.5000
272 1 0 0 11.2410 7.8076 0.5000
272 1 0 0 11.2320 7.8076 0.5000
272 1 0 0 11.1300 7.8076 0.5000
271 0 0 1 20.0600 8.1654 0.0000
271 0 1 0 8.9480 8.1654 0.0000
271 0 1 0 9.0170 8.1654 0.0000
270 1 0 0 8.7240 8.3528 0.5000
270 1 0 0 8.8750 8.3528 0.5000
270 1 0 0 6.3910 8.3528 0.5000
269 1 0 0 9.1650 8.3235 0.5000
269 1 0 0 8.7900 8.3235 0.5000
269 1 0 0 8.5760 8.3235 0.5000
268 1 0 0 16.2680 7.9633 0.4895
268 1 0 0 10.6320 7.9633 0.5000
268 1 0 0 10.8040 7.9633 0.5000
267 1 0 0 9.9720 7.8513 0.5000
267 1 0 0 10.3880 7.8513 0.5000
267 1 0 0 10.8250 7.8513 0.5000
266 1 0 0 9.9870 9.0261 0.5000
266 1 0 0 10.3510 9.0261 0.5000
266 1 0 0 10.5060 9.0261 0.5000
265 1 0 0 12.1190 8.6869 0.5000
265 1 0 0 12.5070 8.6869 0.5000
265 1 0 0 12.3610 8.6869 0.5000
264 0 1 0 9.6280 8.4668 0.0000
264 0 1 0 12.7190 8.4668 0.0000
264 0 1 0 11.1370 8.4668 0.0000
263 1 0 0 9.1090 8.0851 0.5000
263 1 0 0 9.8060 8.0851 0.5000
263 1 0 0 10.0990 8.0851 0.5000
262 1 0 0 11.9000 7.9944 0.5000
262 0 1 0 17.9560 7.9944 0.0000
262 1 0 0 11.4740 7.9944 0.5000
261 1 0 0 9.7710 7.7656 0.5000
261 1 0 0 9.6910 7.7656 0.5000
261 1 0 0 9.7560 7.7656 0.5000
260 1 0 0 12.8130 8.1527 0.5000
260 1 0 0 13.3030 8.1527 0.5000
260 1 0 0 14.8240 8.1527 0.5000
259 1 0 0 7.8320 7.9560 0.5000
259 1 0 0 7.8320 7.9560 0.5000
259 1 0 0 8.2290 7.9560 0.5000
258 1 0 0 12.6630 9.2138 0.5000
258 1 0 0 12.2120 9.2138 0.5000
258 1 0 0 14.6370 9.2138 0.5000
257 1 0 0 7.6290 8.5552 0.5000
257 1 0 0 7.8510 8.5552 0.5000
257 1 0 0 6.5890 8.5552 0.5000
256 1 0 0 8.9560 7.7935 0.5000
256 1 0 0 9.5700 7.7935 0.5000
256 1 0 0 8.4430 7.7935 0.5000
255 1 0 0 11.4430 8.2343 0.5000
255 1 0 0 11.2750 8.2343 0.5000
255 1 0 0 11.5400 8.2343 0.5000
254 1 0 0 11.5220 8.3322 0.5000
254 1 0 0 10.6670 8.3322 0.5000
254 1 0 0 10.4490 8.3322 0.5000
253 1 0 0 10.5470 7.7807 0.5000
253 1 0 0 9.9660 7.7807 0.5000
253 1 0 0 9.6510 7.7807 0.5000
252 1 0 0 5.8770 7.6412 0.5000
252 1 0 0 5.7550 7.6412 0.5000
252 1 0 0 5.7890 7.6412 0.5000
251 1 0 0 5.9170 7.8992 0.5000
251 1 0 0 5.9300 7.8992 0.5000
251 1 0 0 5.8760 7.8992 0.5000
250 1 0 0 10.9840 7.7533 0.5000
250 1 0 0 10.4120 7.7533 0.5000
250 1 0 0 10.9070 7.7533 0.5000
249 1 0 0 9.9480 8.1320 0.5000
249 1 0 0 9.7390 8.1320 0.5000
249 1 0 0 9.7400 8.1320 0.5000
248 1 0 0 9.3290 7.9923 0.5000
248 1 0 0 9.6550 7.9923 0.5000
248 1 0 0 9.4480 7.9923 0.5000
247 0 1 0 6.4340 8.3974 0.0000
247 1 0 0 7.3550 8.3974 0.5000
247 1 0 0 7.2320 8.3974 0.5000
246 1 0 0 7.5950 7.9229 0.5000
246 1 0 0 7.4280 7.9229 0.5000
246 1 0 0 7.5040 7.9229 0.5000
245 0 1 0 13.4110 8.0073 0.0000
245 0 0 1 20.0790 8.0073 0.0000
245 0 0 1 20.0560 8.0073 0.0000
244 0 0 1 20.0900 7.8886 0.0000
244 1 0 0 11.0740 7.8886 0.5000
244 0 1 0 14.9660 7.8886 0.0000
243 0 1 0 9.9600 9.3565 0.0000
243 0 1 0 8.9800 9.3565 0.0000
243 0 1 0 8.8850 9.3565 0.0000
242 1 0 0 7.0320 7.8569 0.5000
242 1 0 0 10.5440 7.8569 0.5000
242 1 0 0 10.0420 7.8569 0.5000
241 1 0 0 11.3990 8.1083 0.5000
241 1 0 0 11.7260 8.1083 0.5000
241 1 0 0 10.9210 8.1083 0.5000
240 1 0 0 10.2830 8.8293 0.5000
240 1 0 0 10.7890 8.8293 0.5000
240 1 0 0 10.2330 8.8293 0.5000
239 1 0 0 9.4180 9.1256 0.5000
239 1 0 0 8.8110 9.1256 0.5000
239 1 0 0 9.5010 9.1256 0.5000
238 1 0 0 10.6820 8.2790 0.5000
238 1 0 0 10.9750 8.2790 0.5000
238 1 0 0 10.8760 8.2790 0.5000
237 1 0 0 13.9850 8.1846 0.5000
237 1 0 0 11.6020 8.1846 0.5000
237 0 1 0 8.4140 8.1846 0.0000
236 1 0 0 8.4710 7.8991 0.5000
236 1 0 0 9.5600 7.8991 0.5000
236 1 0 0 8.8330 7.8991 0.5000
235 1 0 0 9.0200 8.0172 0.5000
235 1 0 0 9.1430 8.0172 0.5000
235 1 0 0 15.9120 8.0172 0.5000
234 1 0 0 9.8000 7.8729 0.5000
234 1 0 0 9.9060 7.8729 0.5000
234 1 0 0 9.6620 7.8729 0.5000
233 1 0 0 5.7950 8.2097 0.5000
233 1 0 0 5.7770 8.2097 0.5000
233 1 0 0 5.7670 8.2097 0.5000
232 1 0 0 10.3380 8.5412 0.5000
232 1 0 0 10.5340 8.5412 0.5000
232 1 0 0 8.3890 8.5412 0.5000
231 0 0 1 20.0000 8.3411 0.0000
231 0 1 0 11.1800 8.3411 0.0000
231 0 1 0 13.3860 8.3411 0.0000
230 1 0 0 8.9930 8.1117 0.5000
230 1 0 0 9.4920 8.1117 0.5000
230 1 0 0 8.9650 8.1117 0.5000
229 1 0 0 10.1840 7.7993 0.5000
229 1 0 0 10.0850 7.7993 0.5000
229 1 0 0 10.3450 7.7993 0.5000
228 1 0 0 12.3790 8.7277 0.5000
228 0 1 0 11.3920 8.7277 0.0000
228 1 0 0 11.8550 8.7277 0.5000
227 1 0 0 9.5750 7.8473 0.5000
227 1 0 0 9.6520 7.8473 0.5000
227 1 0 0 9.5620 7.8473 0.5000
226 1 0 0 8.8870 7.8942 0.5000
226 1 0 0 6.7960 7.8942 0.5000
226 1 0 0 7.7480 7.8942 0.5000
225 1 0 0 8.3490 7.8481 0.5000
225 1 0 0 8.2080 7.8481 0.5000
225 1 0 0 8.1780 7.8481 0.5000
224 1 0 0 14.5880 7.9252 0.5000
224 0 1 0 10.6660 7.9252 0.0000
224 1 0 0 14.2260 7.9252 0.5000
223 1 0 0 9.3380 7.8783 0.5000
223 1 0 0 9.5270 7.8783 0.5000
223 1 0 0 9.5310 7.8783 0.5000
222 1 0 0 10.6150 8.0216 0.5000
222 1 0 0 10.3260 8.0216 0.5000
222 1 0 0 10.4620 8.0216 0.5000
221 1 0 0 7.9300 8.6512 0.5000
221 1 0 0 8.1760 8.6512 0.5000
221 1 0 0 9.2870 8.6512 0.5000
220 1 0 0 9.6080 8.0888 0.5000
220 1 0 0 9.5730 8.0888 0.5000
220 1 0 0 9.9890 8.0888 0.5000
219 0 1 0 9.9570 8.5526 0.0000
219 0 1 0 11.3170 8.5526 0.0000
219 0 0 1 20.0250 8.5526 0.0000
218 1 0 0 8.6210 8.0828 0.5000
218 1 0 0 8.5780 8.0828 0.5000
218 1 0 0 8.6200 8.0828 0.5000
217 1 0 0 11.4020 8.0196 0.5000
217 1 0 0 11.5320 8.0196 0.5000
217 1 0 0 11.8400 8.0196 0.5000
216 1 0 0 10.5290 8.0817 0.5000
216 1 0 0 10.1870 8.0817 0.5000
216 1 0 0 10.4420 8.0817 0.5000
215 1 0 0 9.3480 8.0547 0.5000
215 1 0 0 9.2680 8.0547 0.5000
215 1 0 0 9.3130 8.0547 0.5000
214 1 0 0 11.8790 8.4522 0.5000
214 1 0 0 12.5160 8.4522 0.5000
214 1 0 0 11.9340 8.4522 0.5000
213 1 0 0 6.7880 7.7458 0.5000
213 1 0 0 8.7480 7.7458 0.5000
213 1 0 0 8.9470 7.7458 0.5000
212 1 0 0 5.8380 7.9827 0.5000
212 1 0 0 5.8040 7.9827 0.5000
212 1 0 0 7.1170 7.9827 0.5000
211 1 0 0 12.3220 7.7384 0.5000
211 1 0 0 6.1900 7.7384 0.5000
211 1 0 0 13.9510 7.7384 0.5000
210 1 0 0 9.8820 7.7725 0.5000
210 1 0 0 10.2660 7.7725 0.5000
210 1 0 0 10.7220 7.7725 0.5000
209 1 0 0 11.4210 8.2509 0.5000
209 1 0 0 10.9800 8.2509 0.5000
209 1 0 0 10.7030 8.2509 0.5000
208 1 0 0 10.4750 8.3808 0.5000
208 1 0 0 13.4590 8.3808 0.5000
208 1 0 0 10.5910 8.3808 0.5000
207 1 0 0 13.1030 7.9796 0.5000
207 1 0 0 12.8090 7.9796 0.5000
207 1 0 0 12.4520 7.9796 0.5000
206 1 0 0 9.8350 8.2363 0.5000
206 1 0 0 9.8340 8.2363 0.5000
206 1 0 0 9.7450 8.2363 0.5000
205 1 0 0 9.7680 8.0101 0.5000
205 1 0 0 9.9100 8.0101 0.5000
205 1 0 0 9.6550 8.0101 0.5000
204 1 0 0 9.6920 9.3316 0.5000
204 1 0 0 9.8990 9.3316 0.5000
204 1 0 0 10.0160 9.3316 0.5000
203 1 0 0 9.3910 8.1183 0.5000
203 1 0 0 9.4230 8.1183 0.5000
203 1 0 0 9.2260 8.1183 0.5000
202 1 0 0 6.2230 7.7193 0.5000
202 1 0 0 6.1630 7.7193 0.5000
202 1 0 0 6.1810 7.7193 0.5000
201 1 0 0 9.7980 9.1857 0.5000
201 1 0 0 8.6600 9.1857 0.5000
201 1 0 0 9.5980 9.1857 0.5000
200 1 0 0 6.2350 7.8225 0.5000
200 1 0 0 9.2490 7.8225 0.5000
200 1 0 0 9.3670 7.8225 0.5000
199 1 0 0 9.8840 8.4647 0.5000
199 1 0 0 9.3200 8.4647 0.5000
199 1 0 0 9.3530 8.4647 0.5000
198 1 0 0 5.9260 8.1335 0.5000
198 1 0 0 5.9590 8.1335 0.5000
198 1 0 0 5.9470 8.1335 0.5000
197 0 1 0 9.9770 7.9041 0.0000
197 1 0 0 14.6330 7.9041 0.5000
197 0 1 0 8.1240 7.9041 0.0000
196 1 0 0 10.3560 7.8055 0.5000
196 1 0 0 10.2990 7.8055 0.5000
196 1 0 0 11.4430 7.8055 0.5000
195 1 0 0 9.7750 7.9816 0.5000
195 1 0 0 9.4400 7.9816 0.5000
195 1 0 0 9.9720 7.9816 0.5000
194 1 0 0 10.3920 7.9141 0.5000
194 1 0 0 10.6240 7.9141 0.5000
194 1 0 0 10.7760 7.9141 0.5000
193 1 0 0 9.5760 7.8801 0.5000
193 1 0 0 9.4320 7.8801 0.5000
193 1 0 0 9.6670 7.8801 0.5000
192 1 0 0 10.0160 8.0540 0.5000
192 1 0 0 9.6070 8.0540 0.5000
192 1 0 0 9.9080 8.0540 0.5000
191 1 0 0 11.5000 8.5544 0.5000
191 1 0 0 11.4430 8.5544 0.5000
191 0 0 1 20.0270 8.5544 0.0000
190 1 0 0 11.7990 7.9549 0.5000
190 1 0 0 10.4660 7.9549 0.5000
190 0 1 0 9.3110 7.9549 0.0000
189 1 0 0 9.4310 7.8867 0.5000
189 1 0 0 8.0260 7.8867 0.5000
189 1 0 0 8.3900 7.8867 0.5000
188 1 0 0 10.9480 8.0758 0.5000
188 1 0 0 10.6160 8.0758 0.5000
188 1 0 0 11.1640 8.0758 0.5000
187 1 0 0 11.0010 7.9598 0.5000
187 1 0 0 10.4220 7.9598 0.5000
187 1 0 0 9.2950 7.9598 0.5000
186 1 0 0 11.0510 8.3575 0.5000
186 1 0 0 11.4580 8.3575 0.5000
186 1 0 0 11.2350 8.3575 0.5000
185 1 0 0 10.0020 8.0579 0.5000
185 1 0 0 10.3940 8.0579 0.5000
185 1 0 0 9.6080 8.0579 0.5000
184 0 1 0 10.4930 8.5925 0.0000
184 0 1 0 7.5540 8.5925 0.0000
184 1 0 0 9.7400 8.5925 0.5000
183 1 0 0 10.3240 7.9435 0.5000
183 1 0 0 9.6930 7.9435 0.5000
183 1 0 0 9.9340 7.9435 0.5000
182 0 0 1 20.0930 7.8242 0.0000
182 0 0 1 20.0520 7.8242 0.0000
182 1 0 0 12.1200 7.8242 0.5000
181 1 0 0 10.4700 8.5661 0.5000
181 1 0 0 9.6560 8.5661 0.5000
181 0 1 0 14.6190 8.5661 0.0000
180 1 0 0 10.7210 8.1770 0.5000
180 1 0 0 10.9100 8.1770 0.5000
180 1 0 0 10.9220 8.1770 0.5000
179 1 0 0 10.6420 7.9033 0.5000
179 1 0 0 11.0930 7.9033 0.5000
179 1 0 0 11.0390 7.9033 0.5000
178 1 0 0 8.8560 7.9380 0.5000
178 1 0 0 8.7680 7.9380 0.5000
178 1 0 0 8.5920 7.9380 0.5000
177 1 0 0 7.3240 9.1208 0.5000
177 1 0 0 7.3350 9.1208 0.5000
177 1 0 0 6.9190 9.1208 0.5000
176 1 0 0 12.2310 7.9041 0.5000
176 1 0 0 12.1360 7.9041 0.5000
176 1 0 0 11.9530 7.9041 0.5000
175 1 0 0 12.0130 8.1769 0.5000
175 1 0 0 12.1220 8.1769 0.5000
175 1 0 0 12.2360 8.1769 0.5000
174 1 0 0 9.0200 7.8371 0.5000
174 1 0 0 9.2780 7.8371 0.5000
174 1 0 0 8.9020 7.8371 0.5000
173 1 0 0 9.2290 7.7193 0.5000
173 1 0 0 8.7330 7.7193 0.5000
173 1 0 0 9.8720 7.7193 0.5000
172 1 0 0 8.6970 7.8436 0.5000
172 1 0 0 8.9250 7.8436 0.5000
172 1 0 0 9.6540 7.8436 0.5000
171 1 0 0 11.5280 8.1017 0.5000
171 1 0 0 11.4860 8.1017 0.5000
171 1 0 0 11.0430 8.1017 0.5000
170 1 0 0 5.9060 8.5370 0.5000
170 1 0 0 5.9250 8.5370 0.5000
170 1 0 0 5.9720 8.5370 0.5000
169 1 0 0 6.2980 7.9483 0.5000
169 1 0 0 6.2260 7.9483 0.5000
169 1 0 0 6.1320 7.9483 0.5000
168 1 0 0 10.9210 8.2366 0.5000
168 1 0 0 11.4990 8.2366 0.5000
168 1 0 0 11.0410 8.2366 0.5000
167 1 0 0 10.5170 8.5229 0.5000
167 1 0 0 9.9970 8.5229 0.5000
167 1 0 0 10.3910 8.5229 0.5000
166 1 0 0 10.6140 7.6616 0.5000
166 1 0 0 10.1310 7.6616 0.5000
166 1 0 0 10.7430 7.6616 0.5000
165 1 0 0 10.4960 7.8863 0.5000
165 1 0 0 6.9590 7.8863 0.5000
165 1 0 0 9.4490 7.8863 0.5000
164 1 0 0 6.0880 8.6209 0.5000
164 1 0 0 7.3160 8.6209 0.5000
164 1 0 0 6.0910 8.6209 0.5000
163 1 0 0 12.5160 8.2331 0.5000
163 1 0 0 10.9220 8.2331 0.5000
163 1 0 0 10.9940 8.2331 0.5000
162 1 0 0 10.7280 7.9140 0.5000
162 0 1 0 10.9210 7.9140 0.0000
162 1 0 0 10.7710 7.9140 0.5000
161 1 0 0 7.1050 7.9445 0.5000
161 1 0 0 6.1990 7.9445 0.5000
161 1 0 0 6.1560 7.9445 0.5000
160 1 0 0 9.8470 8.1290 0.5000
160 1 0 0 9.9490 8.1290 0.5000
160 1 0 0 9.8750 8.1290 0.5000
159 1 0 0 5.7860 8.1268 0.5000
159 1 0 0 5.7500 8.1268 0.5000
159 1 0 0 5.7810 8.1268 0.5000
158 1 0 0 6.2190 7.8738 0.5000
158 1 0 0 6.1850 7.8738 0.5000
158 1 0 0 6.2370 7.8738 0.5000
157 1 0 0 8.9700 8.7112 0.5000
157 1 0 0 8.5770 8.7112 0.5000
157 1 0 0 9.0070 8.7112 0.5000
156 1 0 0 7.8470 7.6779 0.5000
156 1 0 0 7.0210 7.6779 0.5000
156 1 0 0 5.9830 7.6779 0.5000
155 1 0 0 8.8470 7.8592 0.5000
155 1 0 0 8.4880 7.8592 0.5000
155 1 0 0 6.1560 7.8592 0.5000
154 1 0 0 9.6500 7.8169 0.5000
154 1 0 0 10.2120 7.8169 0.5000
154 1 0 0 10.2210 7.8169 0.5000
153 1 0 0 8.9880 8.3175 0.5000
153 1 0 0 9.0850 8.3175 0.5000
153 1 0 0 9.1500 8.3175 0.5000
152 1 0 0 8.3710 8.1617 0.5000
152 1 0 0 8.0120 8.1617 0.5000
152 1 0 0 9.2490 8.1617 0.5000
151 1 0 0 9.1770 7.9335 0.5000
151 1 0 0 9.5170 7.9335 0.5000
151 1 0 0 8.9910 7.9335 0.5000
150 0 1 0 8.3920 7.9223 0.0000
150 1 0 0 19.7350 7.9223 0.4014
150 0 0 1 20.0270 7.9223 0.0000
149 1 0 0 8.9280 8.5702 0.5000
149 1 0 0 9.1590 8.5702 0.5000
149 1 0 0 7.3370 8.5702 0.5000
148 1 0 0 7.9890 7.9772 0.5000
148 1 0 0 8.4290 7.9772 0.5000
148 1 0 0 7.9030 7.9772 0.5000
147 1 0 0 7.6120 8.0566 0.5000
147 1 0 0 7.8380 8.0566 0.5000
147 1 0 0 8.2980 8.0566 0.5000
146 1 0 0 8.5300 8.2562 0.5000
146 1 0 0 7.7560 8.2562 0.5000
146 1 0 0 7.8480 8.2562 0.5000
145 1 0 0 5.8490 7.9406 0.5000
145 1 0 0 5.8620 7.9406 0.5000
145 1 0 0 5.8840 7.9406 0.5000
144 1 0 0 9.4390 7.9683 0.5000
144 1 0 0 9.5300 7.9683 0.5000
144 1 0 0 10.0360 7.9683 0.5000
143 1 0 0 10.8140 8.1052 0.5000
143 1 0 0 9.3620 8.1052 0.5000
143 1 0 0 10.2100 8.1052 0.5000
142 1 0 0 9.1210 8.0336 0.5000
142 1 0 0 9.0640 8.0336 0.5000
142 1 0 0 9.1320 8.0336 0.5000
141 1 0 0 6.2140 8.0581 0.5000
141 1 0 0 6.1950 8.0581 0.5000
141 1 0 0 8.2040 8.0581 0.5000
140 1 0 0 10.8010 7.8845 0.5000
140 1 0 0 10.7940 7.8845 0.5000
140 1 0 0 10.9790 7.8845 0.5000
139 1 0 0 5.7520 7.6318 0.5000
139 1 0 0 5.8300 7.6318 0.5000
139 1 0 0 5.7940 7.6318 0.5000
138 0 0 1 20.0590 9.0486 0.0000
138 0 1 0 15.1570 9.0486 0.0000
138 0 1 0 9.1410 9.0486 0.0000
137 1 0 0 12.0440 7.9894 0.5000
137 1 0 0 12.1490 7.9894 0.5000
137 1 0 0 12.4960 7.9894 0.5000
136 1 0 0 10.3140 7.9794 0.5000
136 1 0 0 9.6630 7.9794 0.5000
136 1 0 0 9.7030 7.9794 0.5000
135 1 0 0 8.0200 7.8433 0.5000
135 1 0 0 6.5110 7.8433 0.5000
135 1 0 0 7.4610 7.8433 0.5000
134 1 0 0 8.3740 7.8535 0.5000
134 1 0 0 8.9210 7.8535 0.5000
134 1 0 0 9.0680 7.8535 0.5000
133 1 0 0 7.4260 7.8878 0.5000
133 1 0 0 6.3930 7.8878 0.5000
133 1 0 0 7.4430 7.8878 0.5000
132 1 0 0 11.1570 7.8821 0.5000
132 1 0 0 10.8870 7.8821 0.5000
132 1 0 0 11.0260 7.8821 0.5000
131 1 0 0 5.9680 8.9195 0.5000
131 1 0 0 5.9520 8.9195 0.5000
131 1 0 0 5.9820 8.9195 0.5000
130 1 0 0 6.5750 8.0658 0.5000
130 1 0 0 7.4340 8.0658 0.5000
130 1 0 0 6.5890 8.0658 0.5000
129 1 0 0 11.4220 8.2893 0.5000
129 1 0 0 10.0070 8.2893 0.5000
129 1 0 0 18.6000 8.2893 0.4457
128 1 0 0 5.7750 7.9857 0.5000
128 1 0 0 5.7510 7.9857 0.5000
128 1 0 0 5.7690 7.9857 0.5000
127 1 0 0 9.9300 8.1692 0.5000
127 1 0 0 9.5910 8.1692 0.5000
127 1 0 0 9.9580 8.1692 0.5000
126 1 0 0 10.2890 7.9794 0.5000
126 1 0 0 10.3980 7.9794 0.5000
126 1 0 0 10.4360 7.9794 0.5000
125 1 0 0 9.8380 7.9724 0.5000
125 1 0 0 9.6490 7.9724 0.5000
125 1 0 0 9.4010 7.9724 0.5000
124 1 0 0 9.1590 8.8665 0.5000
124 1 0 0 9.0910 8.8665 0.5000
124 1 0 0 9.1020 8.8665 0.5000
123 1 0 0 10.6250 8.1178 0.5000
123 1 0 0 10.8370 8.1178 0.5000
123 1 0 0 10.8700 8.1178 0.5000
122 1 0 0 8.2030 8.1767 0.5000
122 1 0 0 7.9720 8.1767 0.5000
122 1 0 0 8.1950 8.1767 0.5000
121 1 0 0 9.1890 8.2653 0.5000
121 1 0 0 9.2320 8.2653 0.5000
121 1 0 0 9.8900 8.2653 0.5000
120 1 0 0 10.9820 8.1746 0.5000
120 1 0 0 11.1440 8.1746 0.5000
120 1 0 0 11.5950 8.1746 0.5000
119 1 0 0 10.8480 8.5615 0.5000
119 1 0 0 10.9360 8.5615 0.5000
119 1 0 0 9.9980 8.5615 0.5000
118 0 1 0 15.3560 8.1824 0.0000
118 0 1 0 9.2300 8.1824 0.0000
118 0 1 0 10.0090 8.1824 0.0000
117 1 0 0 12.4000 8.4771 0.5000
117 0 1 0 15.7500 8.4771 0.0000
117 0 1 0 19.3900 8.4771 0.0000
116 1 0 0 6.8030 7.7156 0.5000
116 1 0 0 6.3640 7.7156 0.5000
116 1 0 0 7.0300 7.7156 0.5000
115 1 0 0 9.5050 7.9910 0.5000
115 1 0 0 9.5610 7.9910 0.5000
115 1 0 0 9.0010 7.9910 0.5000
114 1 0 0 9.9750 8.7138 0.5000
114 1 0 0 9.5860 8.7138 0.5000
114 1 0 0 10.7240 8.7138 0.5000
113 1 0 0 9.5270 8.1481 0.5000
113 1 0 0 9.4160 8.1481 0.5000
113 1 0 0 9.5760 8.1481 0.5000
112 0 1 0 10.8640 8.4223 0.0000
112 1 0 0 11.2790 8.4223 0.5000
112 1 0 0 11.1980 8.4223 0.5000
111 0 0 1 20.0670 9.1523 0.0000
111 0 1 0 11.8370 9.1523 0.0000
111 0 0 1 20.0060 9.1523 0.0000
110 1 0 0 8.4900 8.2940 0.5000
110 1 0 0 9.0640 8.2940 0.5000
110 1 0 0 6.4900 8.2940 0.5000
109 1 0 0 8.1990 8.1010 0.5000
109 1 0 0 9.3300 8.1010 0.5000
109 1 0 0 8.1980 8.1010 0.5000
108 1 0 0 5.9100 7.8203 0.5000
108 1 0 0 5.8810 7.8203 0.5000
108 1 0 0 5.8600 7.8203 0.5000
107 1 0 0 7.7610 8.4351 0.5000
107 1 0 0 8.2830 8.4351 0.5000
107 1 0 0 8.6510 8.4351 0.5000
106 1 0 0 9.8340 8.0814 0.5000
106 1 0 0 9.6980 8.0814 0.5000
106 1 0 0 9.3490 8.0814 0.5000
105 1 0 0 9.8990 8.0305 0.5000
105 1 0 0 9.9180 8.0305 0.5000
105 1 0 0 10.1980 8.0305 0.5000
104 1 0 0 7.2390 8.0377 0.5000
104 0 1 0 9.0930 8.0377 0.0000
104 1 0 0 11.0800 8.0377 0.5000
103 1 0 0 11.2850 8.0334 0.5000
103 1 0 0 10.7040 8.0334 0.5000
103 1 0 0 11.0710 8.0334 0.5000
102 1 0 0 7.3390 7.7503 0.5000
102 1 0 0 6.4640 7.7503 0.5000
102 1 0 0 7.0390 7.7503 0.5000
101 1 0 0 5.8410 7.5407 0.5000
101 1 0 0 5.8630 7.5407 0.5000
101 1 0 0 5.7730 7.5407 0.5000
100 1 0 0 8.1400 7.8551 0.5000
100 1 0 0 8.0450 7.8551 0.5000
100 1 0 0 8.0680 7.8551 0.5000
99 0 1 0 14.5610 8.1238 0.0000
99 0 1 0 9.1200 8.1238 0.0000
99 0 1 0 12.8470 8.1238 0.0000
98 1 0 0 8.8890 7.8888 0.5000
98 1 0 0 9.5290 7.8888 0.5000
98 1 0 0 9.1000 7.8888 0.5000
94 1 0 0 5.7720 7.5209 0.5000
93 1 0 0 5.7800 7.7830 0.5000
93 1 0 0 5.7590 7.7830 0.5000
93 1 0 0 5.7610 7.7830 0.5000
92 1 0 0 6.1650 7.6940 0.5000
92 1 0 0 6.1950 7.6940 0.5000
92 1 0 0 6.0590 7.6940 0.5000
91 1 0 0 7.3090 8.1617 0.5000
91 1 0 0 6.7130 8.1617 0.5000
91 1 0 0 10.1140 8.1617 0.5000
90 1 0 0 5.8530 7.9466 0.5000
90 1 0 0 5.9720 7.9466 0.5000
90 1 0 0 5.9830 7.9466 0.5000
89 1 0 0 5.8890 8.0393 0.5000
89 1 0 0 5.9900 8.0393 0.5000
89 1 0 0 5.8360 8.0393 0.5000
88 1 0 0 5.8750 7.7476 0.5000
88 1 0 0 5.8580 7.7476 0.5000
88 1 0 0 5.8240 7.7476 0.5000
87 1 0 0 5.7830 7.9960 0.5000
87 1 0 0 5.7700 7.9960 0.5000
87 1 0 0 5.8300 7.9960 0.5000
86 1 0 0 10.1580 7.9096 0.5000
86 1 0 0 12.7960 7.9096 0.5000
86 1 0 0 9.6260 7.9096 0.5000
85 1 0 0 13.0640 7.9264 0.5000
85 1 0 0 13.1240 7.9264 0.5000
85 1 0 0 13.3900 7.9264 0.5000
84 1 0 0 5.7660 7.8991 0.5000
84 1 0 0 5.7380 7.8991 0.5000
84 1 0 0 5.7380 7.8991 0.5000
83 1 0 0 8.4620 8.8306 0.5000
83 1 0 0 9.2160 8.8306 0.5000
83 1 0 0 8.8170 8.8306 0.5000
82 1 0 0 8.3150 9.1396 0.5000
82 1 0 0 7.5480 9.1396 0.5000
82 1 0 0 7.5540 9.1396 0.5000
81 1 0 0 8.7860 7.7123 0.5000
81 1 0 0 9.0840 7.7123 0.5000
81 1 0 0 9.1560 7.7123 0.5000
80 1 0 0 10.7520 8.0481 0.5000
80 1 0 0 10.8780 8.0481 0.5000
80 1 0 0 11.0590 8.0481 0.5000
79 1 0 0 5.7580 7.8461 0.5000
79 1 0 0 5.7320 7.8461 0.5000
79 1 0 0 5.7430 7.8461 0.5000
78 1 0 0 9.5680 9.0217 0.5000
78 1 0 0 7.7230 9.0217 0.5000
78 1 0 0 9.7120 9.0217 0.5000
77 1 0 0 5.8980 7.8372 0.5000
77 1 0 0 5.8830 7.8372 0.5000
77 1 0 0 5.8550 7.8372 0.5000
76 1 0 0 6.8630 7.8180 0.5000
76 1 0 0 8.6060 7.8180 0.5000
76 1 0 0 8.5780 7.8180 0.5000
75 1 0 0 5.7730 7.8305 0.5000
75 1 0 0 5.7670 7.8305 0.5000
75 1 0 0 5.7150 7.8305 0.5000
74 1 0 0 6.3660 8.5940 0.5000
74 1 0 0 7.9890 8.5940 0.5000
74 1 0 0 8.1730 8.5940 0.5000
73 1 0 0 7.1030 8.2208 0.5000
73 1 0 0 7.0420 8.2208 0.5000
73 1 0 0 7.0320 8.2208 0.5000
72 1 0 0 5.7630 7.7543 0.5000
72 1 0 0 5.7540 7.7543 0.5000
72 1 0 0 5.7480 7.7543 0.5000
71 1 0 0 5.7430 7.8322 0.5000
71 1 0 0 5.7380 7.8322 0.5000
71 1 0 0 5.7340 7.8322 0.5000
70 1 0 0 7.2540 7.9155 0.5000
70 1 0 0 7.1050 7.9155 0.5000
70 1 0 0 6.3140 7.9155 0.5000
69 1 0 0 8.6970 8.1977 0.5000
69 1 0 0 8.8900 8.1977 0.5000
69 1 0 0 8.5030 8.1977 0.5000
68 1 0 0 6.5920 8.2917 0.5000
68 1 0 0 6.2530 8.2917 0.5000
68 1 0 0 6.6980 8.2917 0.5000
67 1 0 0 5.7500 7.6937 0.5000
67 1 0 0 5.7560 7.6937 0.5000
67 1 0 0 5.6890 7.6937 0.5000
66 0 1 0 11.7280 7.8316 0.0000
66 0 1 0 11.2290 7.8316 0.0000
66 1 0 0 18.6350 7.8316 0.4203
65 1 0 0 5.7480 8.4451 0.5000
65 1 0 0 5.7610 8.4451 0.5000
65 1 0 0 5.7590 8.4451 0.5000
64 1 0 0 9.4610 7.9270 0.5000
64 1 0 0 9.4230 7.9270 0.5000
64 1 0 0 9.8400 7.9270 0.5000
63 1 0 0 7.1370 7.7779 0.5000
63 1 0 0 7.0030 7.7779 0.5000
63 1 0 0 7.0250 7.7779 0.5000
62 1 0 0 10.8870 8.3808 0.5000
62 1 0 0 10.6520 8.3808 0.5000
62 1 0 0 11.3660 8.3808 0.5000
61 1 0 0 5.7350 7.9289 0.5000
61 1 0 0 5.7520 7.9289 0.5000
61 1 0 0 5.7620 7.9289 0.5000
60 1 0 0 5.8470 7.9057 0.5000
60 1 0 0 5.8970 7.9057 0.5000
60 1 0 0 6.9150 7.9057 0.5000
59 1 0 0 8.2600 8.1423 0.5000
59 1 0 0 9.3230 8.1423 0.5000
59 0 1 0 5.9730 8.1423 0.0000
58 0 1 0 14.5150 8.9805 0.0000
58 0 0 1 20.0550 8.9805 0.0000
58 0 1 0 19.2100 8.9805 0.0000
57 1 0 0 7.3750 7.8134 0.5000
57 1 0 0 7.4530 7.8134 0.5000
57 1 0 0 7.5520 7.8134 0.5000
56 1 0 0 6.6050 7.7156 0.5000
56 1 0 0 6.4120 7.7156 0.5000
56 1 0 0 6.4640 7.7156 0.5000
55 0 1 0 6.5060 8.5876 0.0000
55 1 0 0 9.2800 8.5876 0.5000
55 1 0 0 9.5760 8.5876 0.5000
54 1 0 0 5.8150 7.9491 0.5000
54 1 0 0 5.7950 7.9491 0.5000
54 1 0 0 5.8010 7.9491 0.5000
53 1 0 0 6.0730 7.8473 0.5000
53 1 0 0 6.0570 7.8473 0.5000
53 1 0 0 6.0690 7.8473 0.5000
52 1 0 0 7.1460 7.8009 0.5000
52 1 0 0 7.4380 7.8009 0.5000
52 1 0 0 6.9080 7.8009 0.5000
51 1 0 0 6.7990 7.9923 0.5000
51 1 0 0 8.5850 7.9923 0.5000
51 1 0 0 8.0560 7.9923 0.5000
50 1 0 0 10.3040 8.6067 0.5000
50 1 0 0 8.9100 8.6067 0.5000
50 1 0 0 11.1530 8.6067 0.5000
49 1 0 0 9.5290 8.3051 0.5000
49 1 0 0 8.1400 8.3051 0.5000
49 1 0 0 7.9540 8.3051 0.5000
48 1 0 0 9.6000 8.1198 0.5000
48 1 0 0 9.2850 8.1198 0.5000
48 1 0 0 9.4670 8.1198 0.5000
47 1 0 0 5.8960 7.8125 0.5000
47 1 0 0 5.8800 7.8125 0.5000
47 1 0 0 5.8600 7.8125 0.5000
46 1 0 0 6.7530 7.7710 0.5000
46 1 0 0 7.4380 7.7710 0.5000
46 1 0 0 7.0250 7.7710 0.5000
45 1 0 0 9.9770 8.4464 0.5000
45 1 0 0 10.2100 8.4464 0.5000
45 1 0 0 10.0890 8.4464 0.5000
44 1 0 0 8.3740 8.4001 0.5000
44 1 0 0 7.8420 8.4001 0.5000
44 1 0 0 8.3030 8.4001 0.5000
43 1 0 0 8.4160 8.0669 0.5000
43 1 0 0 8.4770 8.0669 0.5000
43 1 0 0 8.5830 8.0669 0.5000
42 1 0 0 5.6830 8.0423 0.5000
42 1 0 0 5.7480 8.0423 0.5000
42 1 0 0 5.7820 8.0423 0.5000
41 1 0 0 5.7550 7.8746 0.5000
41 1 0 0 5.7250 7.8746 0.5000
41 1 0 0 5.7770 7.8746 0.5000
40 1 0 0 5.7250 7.8574 0.5000
40 1 0 0 5.7520 7.8574 0.5000
40 1 0 0 5.8180 7.8574 0.5000
39 1 0 0 5.7590 8.0287 0.5000
39 1 0 0 5.7810 8.0287 0.5000
39 1 0 0 5.7610 8.0287 0.5000
38 1 0 0 9.4090 8.3833 0.5000
38 1 0 0 9.4690 8.3833 0.5000
38 1 0 0 9.4750 8.3833 0.5000
37 1 0 0 8.6450 8.1582 0.5000
37 1 0 0 8.2720 8.1582 0.5000
37 1 0 0 8.6830 8.1582 0.5000
36 1 0 0 5.7560 7.7655 0.5000
36 1 0 0 5.7630 7.7655 0.5000
36 1 0 0 5.7420 7.7655 0.5000
35 1 0 0 5.7520 7.9484 0.5000
35 1 0 0 5.8030 7.9484 0.5000
35 1 0 0 5.7640 7.9484 0.5000
34 1 0 0 6.2410 7.9460 0.5000
34 1 0 0 6.2900 7.9460 0.5000
34 1 0 0 7.0340 7.9460 0.5000
33 0 0 1 20.0710 8.7517 0.0000
33 1 0 0 13.3210 8.7517 0.5000
33 0 0 1 20.0600 8.7517 0.0000
32 1 0 0 5.7210 8.1038 0.5000
32 1 0 0 5.7680 8.1038 0.5000
32 1 0 0 5.7360 8.1038 0.5000
31 1 0 0 5.9520 7.9322 0.5000
31 1 0 0 5.8440 7.9322 0.5000
31 1 0 0 5.8830 7.9322 0.5000
30 1 0 0 11.8070 8.4118 0.5000
30 1 0 0 9.1950 8.4118 0.5000
30 1 0 0 10.0280 8.4118 0.5000
29 1 0 0 6.2390 8.3082 0.5000
29 1 0 0 6.2280 8.3082 0.5000
29 1 0 0 6.1920 8.3082 0.5000
28 1 0 0 5.7710 7.9034 0.5000
28 1 0 0 5.7900 7.9034 0.5000
28 1 0 0 5.7610 7.9034 0.5000
27 1 0 0 5.7320 8.2087 0.5000
27 1 0 0 5.7800 8.2087 0.5000
27 1 0 0 5.7500 8.2087 0.5000
26 1 0 0 8.6140 8.2018 0.5000
26 1 0 0 8.5620 8.2018 0.5000
26 1 0 0 8.3550 8.2018 0.5000
25 1 0 0 5.8000 8.4024 0.5000
25 1 0 0 5.7510 8.4024 0.5000
25 1 0 0 5.7570 8.4024 0.5000
24 1 0 0 7.8960 8.6556 0.5000
24 1 0 0 8.0870 8.6556 0.5000
24 1 0 0 6.9790 8.6556 0.5000
23 1 0 0 6.4470 8.2098 0.5000
23 1 0 0 6.4570 8.2098 0.5000
23 1 0 0 6.5080 8.2098 0.5000
22 1 0 0 6.3820 8.3342 0.5000
22 1 0 0 8.5430 8.3342 0.5000
22 1 0 0 8.2770 8.3342 0.5000
21 1 0 0 6.5330 8.2299 0.5000
21 1 0 0 6.5450 8.2299 0.5000
21 1 0 0 6.5540 8.2299 0.5000
20 1 0 0 5.7870 8.0363 0.5000
20 1 0 0 5.8350 8.0363 0.5000
20 1 0 0 5.8290 8.0363 0.5000
19 1 0 0 9.6960 8.8619 0.5000
19 1 0 0 9.4080 8.8619 0.5000
19 1 0 0 9.5570 8.8619 0.5000
18 1 0 0 5.8380 8.2617 0.5000
18 1 0 0 5.8420 8.2617 0.5000
18 1 0 0 5.9850 8.2617 0.5000
17 1 0 0 6.5170 8.0132 0.5000
17 1 0 0 6.6130 8.0132 0.5000
17 1 0 0 7.3490 8.0132 0.5000
16 1 0 0 9.6720 8.4080 0.5000
16 1 0 0 9.5810 8.4080 0.5000
16 1 0 0 9.5480 8.4080 0.5000
15 1 0 0 6.8150 8.1937 0.5000
15 1 0 0 6.0850 8.1937 0.5000
15 1 0 0 8.2750 8.1937 0.5000
14 1 0 0 7.0060 8.5018 0.5000
14 1 0 0 6.4020 8.5018 0.5000
14 1 0 0 6.4130 8.5018 0.5000
13 1 0 0 5.7810 8.8614 0.5000
13 1 0 0 5.8370 8.8614 0.5000
13 1 0 0 5.7550 8.8614 0.5000
12 1 0 0 7.5680 8.3184 0.5000
12 1 0 0 7.1850 8.3184 0.5000
12 1 0 0 7.6500 8.3184 0.5000
11 1 0 0 5.7590 8.2977 0.5000
11 1 0 0 5.7410 8.2977 0.5000
11 1 0 0 5.7460 8.2977 0.5000
10 1 0 0 5.7870 8.0201 0.5000
10 1 0 0 5.7490 8.0201 0.5000
10 1 0 0 5.8150 8.0201 0.5000
9 1 0 0 5.7580 8.3008 0.5000
9 1 0 0 5.7710 8.3008 0.5000
9 1 0 0 5.7290 8.3008 0.5000
8 1 0 0 6.0960 8.1098 0.5000
8 1 0 0 6.0980 8.1098 0.5000
8 1 0 0 6.0830 8.1098 0.5000
7 1 0 0 5.9880 8.6485 0.5000
7 1 0 0 5.9400 8.6485 0.5000
7 1 0 0 5.9390 8.6485 0.5000
6 1 0 0 7.5950 8.7320 0.5000
6 1 0 0 7.6010 8.7320 0.5000
6 1 0 0 7.5970 8.7320 0.5000
5 1 0 0 7.2690 8.3924 0.5000
5 1 0 0 7.2640 8.3924 0.5000
5 1 0 0 7.2700 8.3924 0.5000
4 1 0 0 13.7770 8.4641 0.5000
4 1 0 0 13.6030 8.4641 0.5000
4 1 0 0 13.7420 8.4641 0.5000
3 1 0 0 7.3860 8.4734 0.5000
3 1 0 0 7.3790 8.4734 0.5000
3 1 0 0 7.3710 8.4734 0.5000
2 1 0 0 11.1890 8.8156 0.5000
2 1 0 0 11.1960 8.8156 0.5000
2 1 0 0 10.9730 8.8156 0.5000
1 1 0 0 7.5330 8.7136 0.5000
1 1 0 0 7.5850 8.7136 0.5000
1 1 0 0 7.5930 8.7136 0.5000
