299 0 1 0 12.2360 7.8943 0.0000
299 0 1 0 12.1990 7.8943 0.0000
299 0 1 0 11.4000 7.8943 0.0000
298 1 0 0 7.5500 8.1066 0.5000
298 1 0 0 7.7950 8.1066 0.5000
298 1 0 0 7.9580 8.1066 0.5000
297 1 0 0 7.6630 8.5215 0.5000
297 1 0 0 7.5870 8.5215 0.5000
297 0 1 0 5.5210 8.5215 0.0000
296 1 0 0 7.4900 8.1588 0.5000
296 1 0 0 7.3960 8.1588 0.5000
296 1 0 0 7.3760 8.1588 0.5000
295 0 1 0 4.5730 8.0522 0.0000
295 1 0 0 8.9310 8.0522 0.5000
295 1 0 0 8.6890 8.0522 0.5000
294 1 0 0 8.7320 8.3546 0.5000
294 1 0 0 9.0150 8.3546 0.5000
294 1 0 0 9.1010 8.3546 0.5000
293 0 1 0 7.1840 8.1166 0.0000
293 1 0 0 9.0790 8.1166 0.5000
293 0 1 0 6.1740 8.1166 0.0000
292 0 1 0 8.2830 8.3615 0.0000
292 0 1 0 8.1100 8.3615 0.0000
292 1 0 0 8.0580 8.3615 0.5000
291 1 0 0 6.5660 8.4414 0.5000
291 1 0 0 6.4690 8.4414 0.5000
291 1 0 0 6.6510 8.4414 0.5000
290 1 0 0 7.2780 8.2756 0.5000
290 1 0 0 7.7780 8.2756 0.5000
290 1 0 0 7.6400 8.2756 0.5000
289 0 1 0 10.6360 8.6135 0.0000
289 0 1 0 9.9770 8.6135 0.0000
289 0 1 0 7.0070 8.6135 0.0000
288 0 1 0 10.0790 8.7374 0.0000
288 0 1 0 12.3510 8.7374 0.0000
288 0 1 0 7.7470 8.7374 0.0000
287 1 0 0 7.8850 8.8475 0.5000
287 1 0 0 8.0200 8.8475 0.5000
287 1 0 0 7.9820 8.8475 0.5000
286 1 0 0 7.4950 8.9715 0.5000
286 1 0 0 7.5130 8.9715 0.5000
286 1 0 0 7.8780 8.9715 0.5000
285 1 0 0 11.3060 8.0789 0.5000
285 1 0 0 10.5220 8.0789 0.5000
285 0 1 0 5.8640 8.0789 0.0000
284 0 1 0 15.5610 7.9792 0.0000
284 0 1 0 17.0480 7.9792 0.0000
284 0 1 0 12.6850 7.9792 0.0000
283 1 0 0 9.6740 8.3117 0.5000
283 1 0 0 9.7180 8.3117 0.5000
283 1 0 0 11.7230 8.3117 0.5000
282 0 1 0 10.3510 8.4952 0.0000
282 0 1 0 14.3430 8.4952 0.0000
282 0 1 0 10.4800 8.4952 0.0000
281 0 1 0 11.1970 8.7492 0.0000
281 0 1 0 11.7250 8.7492 0.0000
281 0 1 0 11.7100 8.7492 0.0000
280 0 1 0 5.2840 8.8536 0.0000
280 0 1 0 5.7230 8.8536 0.0000
280 0 1 0 5.8160 8.8536 0.0000
279 1 0 0 8.4070 8.8454 0.5000
279 1 0 0 6.8180 8.8454 0.5000
279 1 0 0 7.4750 8.8454 0.5000
278 0 1 0 5.7040 7.9938 0.0000
278 0 1 0 10.3280 7.9938 0.0000
278 0 1 0 4.7900 7.9938 0.0000
277 1 0 0 7.6630 7.8863 0.5000
277 1 0 0 8.3450 7.8863 0.5000
277 0 1 0 5.8170 7.8863 0.0000
276 1 0 0 11.8550 8.7216 0.5000
276 0 1 0 9.9350 8.7216 0.0000
276 1 0 0 12.2320 8.7216 0.5000
275 0 1 0 10.0110 7.8943 0.0000
275 0 1 0 9.9070 7.8943 0.0000
275 0 1 0 9.2810 7.8943 0.0000
274 1 0 0 5.7460 8.1381 0.5000
274 1 0 0 5.7300 8.1381 0.5000
274 1 0 0 5.7550 8.1381 0.5000
273 1 0 0 11.1080 8.2953 0.5000
273 0 1 0 6.6370 8.2953 0.0000
273 0 1 0 8.1990 8.2953 0.0000
272 1 0 0 7.9150 7.8076 0.5000
272 1 0 0 7.4260 7.8076 0.5000
272 1 0 0 8.1670 7.8076 0.5000
271 0 1 0 11.2290 8.1654 0.0000
271 0 1 0 7.2730 8.1654 0.0000
271 0 1 0 11.4100 8.1654 0.0000
270 1 0 0 5.9600 8.3528 0.5000
270 1 0 0 7.0940 8.3528 0.5000
270 1 0 0 6.6830 8.3528 0.5000
269 1 0 0 8.1120 8.3235 0.5000
269 1 0 0 8.4860 8.3235 0.5000
269 1 0 0 9.9530 8.3235 0.5000
268 1 0 0 7.0660 7.9633 0.5000
268 1 0 0 6.9500 7.9633 0.5000
268 1 0 0 8.5360 7.9633 0.5000
267 1 0 0 6.9470 7.8513 0.5000
267 1 0 0 6.9510 7.8513 0.5000
267 1 0 0 7.0540 7.8513 0.5000
266 1 0 0 8.6730 9.0261 0.5000
266 1 0 0 7.2430 9.0261 0.5000
266 1 0 0 6.8390 9.0261 0.5000
265 0 1 0 8.9600 8.6869 0.0000
265 0 1 0 11.4900 8.6869 0.0000
265 0 1 0 5.7160 8.6869 0.0000
264 0 1 0 10.4310 8.4668 0.0000
264 0 1 0 10.4940 8.4668 0.0000
264 0 1 0 10.3210 8.4668 0.0000
263 1 0 0 7.4860 8.0851 0.5000
263 1 0 0 8.1250 8.0851 0.5000
263 1 0 0 8.4260 8.0851 0.5000
262 1 0 0 8.1340 7.9944 0.5000
262 1 0 0 7.8080 7.9944 0.5000
262 1 0 0 7.8200 7.9944 0.5000
261 1 0 0 7.7910 7.7656 0.5000
261 1 0 0 7.4460 7.7656 0.5000
261 1 0 0 7.6430 7.7656 0.5000
260 1 0 0 9.0650 8.1527 0.5000
260 1 0 0 9.0050 8.1527 0.5000
260 1 0 0 9.6970 8.1527 0.5000
259 0 1 0 3.9630 7.9560 0.0000
259 0 1 0 4.6580 7.9560 0.0000
259 0 1 0 3.4840 7.9560 0.0000
258 0 1 0 4.8740 9.2138 0.0000
258 0 1 0 3.7350 9.2138 0.0000
258 0 1 0 4.0670 9.2138 0.0000
257 1 0 0 5.9650 8.5552 0.5000
257 0 1 0 4.0940 8.5552 0.0000
257 1 0 0 5.9580 8.5552 0.5000
256 1 0 0 6.5540 7.7935 0.5000
256 1 0 0 5.9670 7.7935 0.5000
256 1 0 0 6.2510 7.7935 0.5000
255 0 1 0 10.8900 8.2343 0.0000
255 0 1 0 6.0940 8.2343 0.0000
255 1 0 0 9.7410 8.2343 0.5000
254 0 1 0 9.0000 8.3322 0.0000
254 0 1 0 11.9930 8.3322 0.0000
254 0 1 0 12.6070 8.3322 0.0000
253 1 0 0 7.2860 7.7807 0.5000
253 1 0 0 7.4720 7.7807 0.5000
253 1 0 0 7.5000 7.7807 0.5000
252 1 0 0 5.7650 7.6412 0.5000
252 1 0 0 5.7090 7.6412 0.5000
252 1 0 0 5.6780 7.6412 0.5000
251 1 0 0 5.8450 7.8992 0.5000
251 1 0 0 5.7520 7.8992 0.5000
251 1 0 0 5.8440 7.8992 0.5000
250 1 0 0 9.2380 7.7533 0.5000
250 0 1 0 10.2840 7.7533 0.0000
250 0 1 0 7.6950 7.7533 0.0000
249 1 0 0 7.2130 8.1320 0.5000
249 1 0 0 7.2150 8.1320 0.5000
249 1 0 0 7.2840 8.1320 0.5000
248 1 0 0 7.3030 7.9923 0.5000
248 1 0 0 6.9660 7.9923 0.5000
248 1 0 0 7.3280 7.9923 0.5000
247 1 0 0 6.0780 8.3974 0.5000
247 1 0 0 6.0940 8.3974 0.5000
247 1 0 0 6.0720 8.3974 0.5000
246 1 0 0 7.0500 7.9229 0.5000
246 1 0 0 6.6400 7.9229 0.5000
246 1 0 0 6.7990 7.9229 0.5000
245 0 1 0 7.3540 8.0073 0.0000
245 0 1 0 6.8530 8.0073 0.0000
245 0 1 0 10.0950 8.0073 0.0000
244 0 1 0 3.0240 7.8886 0.0000
244 1 0 0 7.3170 7.8886 0.5000
244 0 1 0 3.6740 7.8886 0.0000
243 0 1 0 13.8240 9.3565 0.0000
243 0 1 0 13.8030 9.3565 0.0000
243 0 1 0 10.6620 9.3565 0.0000
242 1 0 0 6.8800 7.8569 0.5000
242 1 0 0 6.7670 7.8569 0.5000
242 1 0 0 6.9440 7.8569 0.5000
241 0 1 0 7.4020 8.1083 0.0000
241 1 0 0 10.0280 8.1083 0.5000
241 1 0 0 10.8950 8.1083 0.5000
240 1 0 0 8.9390 8.8293 0.5000
240 1 0 0 8.5380 8.8293 0.5000
240 1 0 0 7.2520 8.8293 0.5000
239 1 0 0 7.3730 9.1256 0.5000
239 1 0 0 7.3950 9.1256 0.5000
239 1 0 0 7.8460 9.1256 0.5000
238 0 1 0 14.0050 8.2790 0.0000
238 1 0 0 11.9750 8.2790 0.5000
238 1 0 0 10.7190 8.2790 0.5000
237 1 0 0 7.1250 8.1846 0.5000
237 1 0 0 6.9730 8.1846 0.5000
237 1 0 0 7.7750 8.1846 0.5000
236 1 0 0 7.8950 7.8991 0.5000
236 0 1 0 3.7300 7.8991 0.0000
236 1 0 0 8.6720 7.8991 0.5000
235 1 0 0 7.5770 8.0172 0.5000
235 1 0 0 7.5230 8.0172 0.5000
235 1 0 0 7.4350 8.0172 0.5000
234 1 0 0 8.6440 7.8729 0.5000
234 1 0 0 8.9890 7.8729 0.5000
234 1 0 0 7.9600 7.8729 0.5000
233 1 0 0 5.7350 8.2097 0.5000
233 1 0 0 5.7180 8.2097 0.5000
233 1 0 0 5.7220 8.2097 0.5000
232 1 0 0 7.8160 8.5412 0.5000
232 1 0 0 7.7810 8.5412 0.5000
232 1 0 0 7.8900 8.5412 0.5000
231 1 0 0 9.8320 8.3411 0.5000
231 1 0 0 9.9040 8.3411 0.5000
231 0 1 0 7.8200 8.3411 0.0000
230 1 0 0 7.5830 8.1117 0.5000
230 1 0 0 7.9180 8.1117 0.5000
230 1 0 0 7.4730 8.1117 0.5000
229 1 0 0 8.7110 7.7993 0.5000
229 1 0 0 8.7790 7.7993 0.5000
229 1 0 0 9.0800 7.7993 0.5000
228 0 1 0 5.1910 8.7277 0.0000
228 0 1 0 5.3010 8.7277 0.0000
228 1 0 0 9.2640 8.7277 0.5000
227 1 0 0 6.3610 7.8473 0.5000
227 1 0 0 6.6190 7.8473 0.5000
227 1 0 0 6.3540 7.8473 0.5000
226 1 0 0 5.9340 7.8942 0.5000
226 1 0 0 5.8400 7.8942 0.5000
226 1 0 0 5.9500 7.8942 0.5000
225 1 0 0 5.8630 7.8481 0.5000
225 1 0 0 5.8770 7.8481 0.5000
225 1 0 0 5.7760 7.8481 0.5000
224 0 1 0 7.9230 7.9252 0.0000
224 0 1 0 7.6780 7.9252 0.0000
224 0 1 0 7.7010 7.9252 0.0000
223 1 0 0 7.5950 7.8783 0.5000
223 1 0 0 7.0450 7.8783 0.5000
223 1 0 0 7.1380 7.8783 0.5000
222 1 0 0 9.5040 8.0216 0.5000
222 1 0 0 10.6680 8.0216 0.5000
222 1 0 0 9.7090 8.0216 0.5000
221 1 0 0 9.5060 8.6512 0.5000
221 1 0 0 9.7950 8.6512 0.5000
221 0 1 0 7.0250 8.6512 0.0000
220 1 0 0 9.4920 8.0888 0.5000
220 0 1 0 4.0430 8.0888 0.0000
220 0 1 0 10.1290 8.0888 0.0000
219 0 1 0 10.5020 8.5526 0.0000
219 0 1 0 11.7200 8.5526 0.0000
219 0 1 0 12.3010 8.5526 0.0000
218 1 0 0 6.3030 8.0828 0.5000
218 1 0 0 6.5290 8.0828 0.5000
218 1 0 0 6.0190 8.0828 0.5000
217 1 0 0 8.6610 8.0196 0.5000
217 1 0 0 9.2090 8.0196 0.5000
217 1 0 0 8.5980 8.0196 0.5000
216 0 1 0 4.4380 8.0817 0.0000
216 0 1 0 5.8230 8.0817 0.0000
216 0 1 0 5.6570 8.0817 0.0000
215 1 0 0 7.8780 8.0547 0.5000
215 1 0 0 8.1190 8.0547 0.5000
215 1 0 0 7.8980 8.0547 0.5000
214 1 0 0 12.4060 8.4522 0.5000
214 0 1 0 5.3950 8.4522 0.0000
214 0 1 0 5.6110 8.4522 0.0000
213 1 0 0 5.9030 7.7458 0.5000
213 1 0 0 6.0010 7.7458 0.5000
213 1 0 0 6.1820 7.7458 0.5000
212 1 0 0 5.7350 7.9827 0.5000
212 1 0 0 5.7330 7.9827 0.5000
212 1 0 0 5.7150 7.9827 0.5000
211 1 0 0 5.8260 7.7384 0.5000
211 1 0 0 5.7830 7.7384 0.5000
211 1 0 0 5.8100 7.7384 0.5000
210 1 0 0 8.0730 7.7725 0.5000
210 1 0 0 7.7060 7.7725 0.5000
210 1 0 0 7.7360 7.7725 0.5000
209 1 0 0 6.3790 8.2509 0.5000
209 1 0 0 6.1630 8.2509 0.5000
209 1 0 0 6.2540 8.2509 0.5000
208 1 0 0 7.7750 8.3808 0.5000
208 1 0 0 7.9880 8.3808 0.5000
208 1 0 0 7.6300 8.3808 0.5000
207 0 1 0 13.5780 7.9796 0.0000
207 0 1 0 13.4610 7.9796 0.0000
207 0 1 0 13.0980 7.9796 0.0000
206 1 0 0 8.2470 8.2363 0.5000
206 1 0 0 8.3000 8.2363 0.5000
206 1 0 0 9.0520 8.2363 0.5000
205 1 0 0 7.3430 8.0101 0.5000
205 1 0 0 6.4440 8.0101 0.5000
205 1 0 0 6.4330 8.0101 0.5000
204 1 0 0 7.1700 9.3316 0.5000
204 1 0 0 7.1020 9.3316 0.5000
204 0 1 0 4.7470 9.3316 0.0000
203 1 0 0 8.5140 8.1183 0.5000
203 1 0 0 8.0630 8.1183 0.5000
203 0 1 0 5.3880 8.1183 0.0000
202 1 0 0 5.9570 7.7193 0.5000
202 1 0 0 5.9650 7.7193 0.5000
202 1 0 0 6.0150 7.7193 0.5000
201 1 0 0 6.5940 9.1857 0.5000
201 1 0 0 6.6090 9.1857 0.5000
201 1 0 0 6.6030 9.1857 0.5000
200 1 0 0 6.8290 7.8225 0.5000
200 1 0 0 6.1950 7.8225 0.5000
200 1 0 0 6.6730 7.8225 0.5000
199 1 0 0 7.3360 8.4647 0.5000
199 0 1 0 4.2170 8.4647 0.0000
199 1 0 0 8.2620 8.4647 0.5000
198 1 0 0 5.7970 8.1335 0.5000
198 1 0 0 5.7760 8.1335 0.5000
198 1 0 0 5.8500 8.1335 0.5000
197 0 1 0 5.3790 7.9041 0.0000
197 0 1 0 11.9020 7.9041 0.0000
197 0 1 0 11.3070 7.9041 0.0000
196 1 0 0 6.5440 7.8055 0.5000
196 1 0 0 7.6000 7.8055 0.5000
196 1 0 0 6.7500 7.8055 0.5000
195 1 0 0 6.8580 7.9816 0.5000
195 1 0 0 7.1150 7.9816 0.5000
195 1 0 0 7.1380 7.9816 0.5000
194 1 0 0 8.3780 7.9141 0.5000
194 1 0 0 8.3780 7.9141 0.5000
194 1 0 0 8.4630 7.9141 0.5000
193 1 0 0 6.1010 7.8801 0.5000
193 1 0 0 6.4710 7.8801 0.5000
193 1 0 0 6.2490 7.8801 0.5000
192 1 0 0 8.4210 8.0540 0.5000
192 0 1 0 13.1770 8.0540 0.0000
192 0 1 0 11.8260 8.0540 0.0000
191 0 1 0 12.6270 8.5544 0.0000
191 0 1 0 6.2450 8.5544 0.0000
191 0 1 0 6.2620 8.5544 0.0000
190 1 0 0 7.8540 7.9549 0.5000
190 1 0 0 7.8070 7.9549 0.5000
190 1 0 0 8.3150 7.9549 0.5000
189 1 0 0 7.2140 7.8867 0.5000
189 1 0 0 6.8620 7.8867 0.5000
189 1 0 0 6.7620 7.8867 0.5000
188 0 1 0 6.2700 8.0758 0.0000
188 0 1 0 6.3630 8.0758 0.0000
188 0 1 0 6.6890 8.0758 0.0000
187 1 0 0 6.3660 7.9598 0.5000
187 1 0 0 6.3500 7.9598 0.5000
187 1 0 0 6.3760 7.9598 0.5000
186 1 0 0 9.1310 8.3575 0.5000
186 1 0 0 8.6120 8.3575 0.5000
186 1 0 0 8.7780 8.3575 0.5000
185 1 0 0 7.0330 8.0579 0.5000
185 1 0 0 7.0120 8.0579 0.5000
185 1 0 0 6.8380 8.0579 0.5000
184 1 0 0 8.9610 8.5925 0.5000
184 1 0 0 8.9400 8.5925 0.5000
184 1 0 0 9.2260 8.5925 0.5000
183 1 0 0 9.2120 7.9435 0.5000
183 1 0 0 8.5740 7.9435 0.5000
183 1 0 0 8.9830 7.9435 0.5000
182 0 1 0 5.6070 7.8242 0.0000
182 0 1 0 6.0590 7.8242 0.0000
182 0 1 0 8.7650 7.8242 0.0000
181 1 0 0 9.2080 8.5661 0.5000
181 0 1 0 4.5470 8.5661 0.0000
181 1 0 0 9.2740 8.5661 0.5000
180 1 0 0 9.7060 8.1770 0.5000
180 1 0 0 10.1700 8.1770 0.5000
180 1 0 0 10.0280 8.1770 0.5000
179 0 1 0 6.0620 7.9033 0.0000
179 0 1 0 5.8630 7.9033 0.0000
179 1 0 0 8.1140 7.9033 0.5000
178 1 0 0 6.2770 7.9380 0.5000
178 1 0 0 6.2420 7.9380 0.5000
178 1 0 0 6.3430 7.9380 0.5000
177 1 0 0 6.0560 9.1208 0.5000
177 1 0 0 5.9490 9.1208 0.5000
177 1 0 0 5.9550 9.1208 0.5000
176 0 1 0 10.3750 7.9041 0.0000
176 0 1 0 10.6710 7.9041 0.0000
176 0 1 0 9.9710 7.9041 0.0000
175 0 1 0 6.7290 8.1769 0.0000
175 0 1 0 6.4940 8.1769 0.0000
175 1 0 0 10.7620 8.1769 0.5000
174 1 0 0 6.2520 7.8371 0.5000
174 1 0 0 6.3400 7.8371 0.5000
174 1 0 0 6.2370 7.8371 0.5000
173 1 0 0 6.8000 7.7193 0.5000
173 0 1 0 4.4660 7.7193 0.0000
173 1 0 0 7.0630 7.7193 0.5000
172 1 0 0 6.5890 7.8436 0.5000
172 1 0 0 7.0900 7.8436 0.5000
172 1 0 0 6.3550 7.8436 0.5000
171 1 0 0 9.7410 8.1017 0.5000
171 0 1 0 3.2810 8.1017 0.0000
171 1 0 0 9.1750 8.1017 0.5000
170 1 0 0 5.8060 8.5370 0.5000
170 1 0 0 5.8340 8.5370 0.5000
170 1 0 0 5.8190 8.5370 0.5000
169 1 0 0 5.8620 7.9483 0.5000
169 1 0 0 5.8450 7.9483 0.5000
169 1 0 0 5.8830 7.9483 0.5000
168 1 0 0 8.1780 8.2366 0.5000
168 1 0 0 10.3420 8.2366 0.5000
168 0 1 0 3.1160 8.2366 0.0000
167 0 1 0 4.1390 8.5229 0.0000
167 0 1 0 4.0870 8.5229 0.0000
167 0 1 0 4.2730 8.5229 0.0000
166 0 1 0 3.6810 7.6616 0.0000
166 0 1 0 3.2580 7.6616 0.0000
166 1 0 0 8.7310 7.6616 0.5000
165 0 1 0 5.1020 7.8863 0.0000
165 1 0 0 9.2610 7.8863 0.5000
165 0 1 0 4.3310 7.8863 0.0000
164 1 0 0 5.8480 8.6209 0.5000
164 1 0 0 5.8780 8.6209 0.5000
164 1 0 0 5.8540 8.6209 0.5000
163 0 1 0 6.5160 8.2331 0.0000
163 1 0 0 9.4300 8.2331 0.5000
163 1 0 0 10.5700 8.2331 0.5000
162 1 0 0 6.9450 7.9140 0.5000
162 1 0 0 6.8870 7.9140 0.5000
162 1 0 0 6.9640 7.9140 0.5000
161 1 0 0 6.5410 7.9445 0.5000
161 1 0 0 5.9050 7.9445 0.5000
161 1 0 0 6.4220 7.9445 0.5000
160 1 0 0 6.2080 8.1290 0.5000
160 1 0 0 6.4230 8.1290 0.5000
160 1 0 0 6.2270 8.1290 0.5000
159 1 0 0 5.7290 8.1268 0.5000
159 1 0 0 5.7150 8.1268 0.5000
159 1 0 0 5.7280 8.1268 0.5000
158 1 0 0 6.0220 7.8738 0.5000
158 1 0 0 5.9280 7.8738 0.5000
158 1 0 0 6.0070 7.8738 0.5000
157 1 0 0 7.3870 8.7112 0.5000
157 1 0 0 7.3180 8.7112 0.5000
157 1 0 0 7.5580 8.7112 0.5000
156 1 0 0 5.8060 7.6779 0.5000
156 1 0 0 5.7390 7.6779 0.5000
156 1 0 0 5.9390 7.6779 0.5000
155 1 0 0 6.0500 7.8592 0.5000
155 1 0 0 5.8130 7.8592 0.5000
155 1 0 0 5.8470 7.8592 0.5000
154 1 0 0 9.1460 7.8169 0.5000
154 1 0 0 7.2610 7.8169 0.5000
154 1 0 0 7.1760 7.8169 0.5000
153 1 0 0 7.7380 8.3175 0.5000
153 1 0 0 7.8170 8.3175 0.5000
153 1 0 0 7.9140 8.3175 0.5000
152 1 0 0 6.9950 8.1617 0.5000
152 1 0 0 7.0040 8.1617 0.5000
152 1 0 0 6.8960 8.1617 0.5000
151 1 0 0 6.8780 7.9335 0.5000
151 1 0 0 6.9010 7.9335 0.5000
151 1 0 0 6.7030 7.9335 0.5000
150 0 1 0 9.7710 7.9223 0.0000
150 0 1 0 16.8030 7.9223 0.0000
150 0 1 0 9.0780 7.9223 0.0000
149 1 0 0 7.4300 8.5702 0.5000
149 1 0 0 8.0690 8.5702 0.5000
149 1 0 0 7.4990 8.5702 0.5000
148 1 0 0 6.0840 7.9772 0.5000
148 1 0 0 6.0850 7.9772 0.5000
148 1 0 0 6.1640 7.9772 0.5000
147 1 0 0 5.7820 8.0566 0.5000
147 1 0 0 6.0930 8.0566 0.5000
147 1 0 0 5.8020 8.0566 0.5000
146 1 0 0 6.7570 8.2562 0.5000
146 1 0 0 6.7380 8.2562 0.5000
146 1 0 0 6.9120 8.2562 0.5000
145 1 0 0 5.7600 7.9406 0.5000
145 1 0 0 5.7530 7.9406 0.5000
145 1 0 0 5.7390 7.9406 0.5000
144 1 0 0 8.4720 7.9683 0.5000
144 1 0 0 7.4510 7.9683 0.5000
144 1 0 0 8.2320 7.9683 0.5000
143 1 0 0 8.3050 8.1052 0.5000
143 1 0 0 9.8730 8.1052 0.5000
143 0 1 0 6.0310 8.1052 0.0000
142 0 1 0 6.4620 8.0336 0.0000
142 0 1 0 6.4770 8.0336 0.0000
142 1 0 0 8.3830 8.0336 0.5000
141 1 0 0 5.7880 8.0581 0.5000
141 1 0 0 5.7440 8.0581 0.5000
141 1 0 0 5.7630 8.0581 0.5000
140 1 0 0 8.0800 7.8845 0.5000
140 1 0 0 8.8060 7.8845 0.5000
140 1 0 0 8.5960 7.8845 0.5000
139 1 0 0 5.7390 7.6318 0.5000
139 1 0 0 5.7560 7.6318 0.5000
139 1 0 0 5.7230 7.6318 0.5000
138 1 0 0 11.2690 9.0486 0.5000
138 1 0 0 10.3940 9.0486 0.5000
138 0 1 0 14.6350 9.0486 0.0000
137 1 0 0 10.3720 7.9894 0.5000
137 0 1 0 6.8740 7.9894 0.0000
137 0 1 0 7.2860 7.9894 0.0000
136 1 0 0 7.5150 7.9794 0.5000
136 1 0 0 6.5100 7.9794 0.5000
136 1 0 0 6.7890 7.9794 0.5000
135 0 1 0 4.7030 7.8433 0.0000
135 1 0 0 6.9720 7.8433 0.5000
135 1 0 0 6.1260 7.8433 0.5000
134 1 0 0 6.3460 7.8535 0.5000
134 1 0 0 6.3750 7.8535 0.5000
134 1 0 0 6.5230 7.8535 0.5000
133 1 0 0 5.8840 7.8878 0.5000
133 1 0 0 5.8450 7.8878 0.5000
133 1 0 0 5.8940 7.8878 0.5000
132 1 0 0 8.7280 7.8821 0.5000
132 0 1 0 4.3250 7.8821 0.0000
132 1 0 0 10.9270 7.8821 0.5000
131 1 0 0 5.7960 8.9195 0.5000
131 1 0 0 5.8240 8.9195 0.5000
131 1 0 0 5.8240 8.9195 0.5000
130 1 0 0 5.8700 8.0658 0.5000
130 1 0 0 5.9420 8.0658 0.5000
130 1 0 0 5.8740 8.0658 0.5000
129 1 0 0 7.4830 8.2893 0.5000
129 0 1 0 3.1130 8.2893 0.0000
129 1 0 0 8.2900 8.2893 0.5000
128 1 0 0 5.7130 7.9857 0.5000
128 1 0 0 5.7120 7.9857 0.5000
128 1 0 0 5.7110 7.9857 0.5000
127 1 0 0 8.4380 8.1692 0.5000
127 1 0 0 8.5330 8.1692 0.5000
127 1 0 0 8.6970 8.1692 0.5000
126 1 0 0 9.5780 7.9794 0.5000
126 0 1 0 5.2930 7.9794 0.0000
126 0 1 0 5.3910 7.9794 0.0000
125 1 0 0 6.3670 7.9724 0.5000
125 1 0 0 6.1380 7.9724 0.5000
125 1 0 0 6.2570 7.9724 0.5000
124 1 0 0 8.0070 8.8665 0.5000
124 1 0 0 8.5200 8.8665 0.5000
124 0 1 0 6.3590 8.8665 0.0000
123 0 1 0 5.8040 8.1178 0.0000
123 1 0 0 8.8830 8.1178 0.5000
123 1 0 0 9.5360 8.1178 0.5000
122 1 0 0 6.6460 8.1767 0.5000
122 1 0 0 5.9250 8.1767 0.5000
122 1 0 0 5.9610 8.1767 0.5000
121 1 0 0 7.7480 8.2653 0.5000
121 1 0 0 7.6050 8.2653 0.5000
121 1 0 0 8.0700 8.2653 0.5000
120 0 1 0 4.0030 8.1746 0.0000
120 0 1 0 5.3050 8.1746 0.0000
120 0 1 0 4.0730 8.1746 0.0000
119 1 0 0 8.6160 8.5615 0.5000
119 1 0 0 9.1490 8.5615 0.5000
119 1 0 0 8.8530 8.5615 0.5000
118 0 1 0 7.1900 8.1824 0.0000
118 0 1 0 11.4140 8.1824 0.0000
118 0 1 0 9.3420 8.1824 0.0000
117 1 0 0 11.2720 8.4771 0.5000
117 1 0 0 11.2660 8.4771 0.5000
117 1 0 0 12.5260 8.4771 0.5000
116 1 0 0 6.2980 7.7156 0.5000
116 1 0 0 6.7880 7.7156 0.5000
116 1 0 0 6.1790 7.7156 0.5000
115 1 0 0 6.2310 7.9910 0.5000
115 1 0 0 6.2880 7.9910 0.5000
115 1 0 0 6.4000 7.9910 0.5000
114 0 1 0 11.4460 8.7138 0.0000
114 0 1 0 11.1020 8.7138 0.0000
114 0 1 0 11.9820 8.7138 0.0000
113 1 0 0 7.9740 8.1481 0.5000
113 1 0 0 8.0160 8.1481 0.5000
113 1 0 0 8.0000 8.1481 0.5000
112 1 0 0 6.8100 8.4223 0.5000
112 1 0 0 6.9100 8.4223 0.5000
112 1 0 0 6.8920 8.4223 0.5000
111 0 1 0 8.8310 9.1523 0.0000
111 0 1 0 8.7240 9.1523 0.0000
111 0 1 0 9.5740 9.1523 0.0000
110 1 0 0 6.3350 8.2940 0.5000
110 1 0 0 6.2290 8.2940 0.5000
110 1 0 0 6.1410 8.2940 0.5000
109 1 0 0 6.9310 8.1010 0.5000
109 1 0 0 6.0010 8.1010 0.5000
109 1 0 0 6.1100 8.1010 0.5000
108 1 0 0 5.7130 7.8203 0.5000
108 1 0 0 5.7230 7.8203 0.5000
108 1 0 0 5.7630 7.8203 0.5000
107 1 0 0 5.8430 8.4351 0.5000
107 1 0 0 5.8300 8.4351 0.5000
107 1 0 0 5.8580 8.4351 0.5000
106 1 0 0 7.1300 8.0814 0.5000
106 1 0 0 6.9450 8.0814 0.5000
106 1 0 0 6.9180 8.0814 0.5000
105 0 1 0 7.4640 8.0305 0.0000
105 0 1 0 7.4750 8.0305 0.0000
105 0 1 0 6.1100 8.0305 0.0000
104 1 0 0 6.5350 8.0377 0.5000
104 1 0 0 6.3570 8.0377 0.5000
104 1 0 0 6.3220 8.0377 0.5000
103 1 0 0 10.1480 8.0334 0.5000
103 1 0 0 10.0210 8.0334 0.5000
103 0 1 0 6.9210 8.0334 0.0000
102 1 0 0 6.3570 7.7503 0.5000
102 1 0 0 5.9650 7.7503 0.5000
102 1 0 0 5.9720 7.7503 0.5000
101 1 0 0 5.7300 7.5407 0.5000
101 1 0 0 5.6940 7.5407 0.5000
101 1 0 0 5.7240 7.5407 0.5000
100 1 0 0 6.4020 7.8551 0.5000
100 1 0 0 6.4470 7.8551 0.5000
100 1 0 0 6.9470 7.8551 0.5000
99 0 1 0 5.8720 8.1238 0.0000
99 0 1 0 5.8420 8.1238 0.0000
99 0 1 0 5.9420 8.1238 0.0000
98 1 0 0 7.0620 7.8888 0.5000
98 1 0 0 6.8130 7.8888 0.5000
98 1 0 0 6.4270 7.8888 0.5000
97 1 0 0 5.8200 7.7844 0.5000
97 1 0 0 6.3530 7.7844 0.5000
97 1 0 0 5.8230 7.7844 0.5000
96 1 0 0 5.7880 8.0041 0.5000
96 1 0 0 5.7800 8.0041 0.5000
96 1 0 0 5.7790 8.0041 0.5000
95 1 0 0 5.7460 7.7005 0.5000
95 1 0 0 5.7360 7.7005 0.5000
95 1 0 0 5.7160 7.7005 0.5000
94 1 0 0 5.7020 7.5209 0.5000
94 1 0 0 5.6400 7.5209 0.5000
94 1 0 0 5.7290 7.5209 0.5000
93 1 0 0 5.7250 7.7830 0.5000
93 1 0 0 5.6430 7.7830 0.5000
93 1 0 0 5.6980 7.7830 0.5000
92 1 0 0 5.7950 7.6940 0.5000
92 1 0 0 5.7270 7.6940 0.5000
92 1 0 0 5.7580 7.6940 0.5000
91 1 0 0 6.3670 8.1617 0.5000
91 1 0 0 6.3070 8.1617 0.5000
91 1 0 0 6.2840 8.1617 0.5000
90 1 0 0 5.7810 7.9466 0.5000
90 1 0 0 5.8000 7.9466 0.5000
90 1 0 0 5.7180 7.9466 0.5000
89 1 0 0 5.7010 8.0393 0.5000
89 1 0 0 5.7170 8.0393 0.5000
89 1 0 0 5.7280 8.0393 0.5000
88 1 0 0 5.7670 7.7476 0.5000
88 1 0 0 5.7330 7.7476 0.5000
88 1 0 0 5.7350 7.7476 0.5000
87 1 0 0 5.7280 7.9960 0.5000
87 1 0 0 5.7120 7.9960 0.5000
87 1 0 0 5.6960 7.9960 0.5000
86 1 0 0 8.3570 7.9096 0.5000
86 1 0 0 8.5400 7.9096 0.5000
86 1 0 0 8.4930 7.9096 0.5000
85 0 1 0 10.1100 7.9264 0.0000
85 0 1 0 9.5670 7.9264 0.0000
85 0 1 0 8.3150 7.9264 0.0000
84 1 0 0 5.6920 7.8991 0.5000
84 1 0 0 5.6820 7.8991 0.5000
84 1 0 0 5.7250 7.8991 0.5000
83 0 1 0 3.1550 8.8306 0.0000
83 1 0 0 6.2750 8.8306 0.5000
83 1 0 0 6.7660 8.8306 0.5000
82 1 0 0 6.1530 9.1396 0.5000
82 1 0 0 6.5450 9.1396 0.5000
82 1 0 0 6.3350 9.1396 0.5000
81 1 0 0 6.0470 7.7123 0.5000
81 1 0 0 6.1710 7.7123 0.5000
81 1 0 0 7.0070 7.7123 0.5000
80 0 1 0 4.7890 8.0481 0.0000
80 1 0 0 11.0520 8.0481 0.5000
80 1 0 0 11.4650 8.0481 0.5000
79 1 0 0 5.7290 7.8461 0.5000
79 1 0 0 5.7260 7.8461 0.5000
79 1 0 0 5.7040 7.8461 0.5000
78 1 0 0 6.2560 9.0217 0.5000
78 1 0 0 6.3460 9.0217 0.5000
78 1 0 0 6.3670 9.0217 0.5000
77 1 0 0 5.7110 7.8372 0.5000
77 1 0 0 5.7200 7.8372 0.5000
77 1 0 0 5.7290 7.8372 0.5000
76 1 0 0 5.8540 7.8180 0.5000
76 1 0 0 5.8310 7.8180 0.5000
76 1 0 0 5.8170 7.8180 0.5000
75 1 0 0 5.6570 7.8305 0.5000
75 1 0 0 5.6510 7.8305 0.5000
75 1 0 0 5.7050 7.8305 0.5000
74 1 0 0 5.9280 8.5940 0.5000
74 1 0 0 6.6350 8.5940 0.5000
74 1 0 0 7.1460 8.5940 0.5000
73 1 0 0 6.7980 8.2208 0.5000
73 1 0 0 6.9940 8.2208 0.5000
73 1 0 0 6.8730 8.2208 0.5000
72 1 0 0 5.6380 7.7543 0.5000
72 1 0 0 5.6590 7.7543 0.5000
72 1 0 0 5.6380 7.7543 0.5000
71 1 0 0 5.7250 7.8322 0.5000
71 1 0 0 5.7350 7.8322 0.5000
71 1 0 0 5.7450 7.8322 0.5000
70 1 0 0 5.8770 7.9155 0.5000
70 1 0 0 5.8800 7.9155 0.5000
70 1 0 0 5.7840 7.9155 0.5000
69 1 0 0 6.2320 8.1977 0.5000
69 1 0 0 6.3480 8.1977 0.5000
69 1 0 0 6.3920 8.1977 0.5000
68 1 0 0 6.1250 8.2917 0.5000
68 1 0 0 6.1170 8.2917 0.5000
68 1 0 0 5.8660 8.2917 0.5000
67 1 0 0 5.7290 7.6937 0.5000
67 1 0 0 5.6350 7.6937 0.5000
67 1 0 0 5.7010 7.6937 0.5000
66 0 1 0 5.7170 7.8316 0.0000
66 0 1 0 10.0310 7.8316 0.0000
66 0 1 0 9.2050 7.8316 0.0000
65 1 0 0 5.7510 8.4451 0.5000
65 1 0 0 5.6630 8.4451 0.5000
65 1 0 0 5.7440 8.4451 0.5000
64 1 0 0 7.3900 7.9270 0.5000
64 1 0 0 7.5300 7.9270 0.5000
64 1 0 0 7.9390 7.9270 0.5000
63 1 0 0 5.9340 7.7779 0.5000
63 1 0 0 6.1730 7.7779 0.5000
63 1 0 0 6.0450 7.7779 0.5000
62 1 0 0 9.7000 8.3808 0.5000
62 0 1 0 4.9730 8.3808 0.0000
62 0 1 0 5.2000 8.3808 0.0000
61 1 0 0 5.7130 7.9289 0.5000
61 1 0 0 5.7270 7.9289 0.5000
61 1 0 0 5.6320 7.9289 0.5000
60 1 0 0 5.7120 7.9057 0.5000
60 1 0 0 5.7590 7.9057 0.5000
60 1 0 0 5.7040 7.9057 0.5000
59 1 0 0 6.7710 8.1423 0.5000
59 1 0 0 5.9750 8.1423 0.5000
59 1 0 0 5.9800 8.1423 0.5000
58 0 1 0 11.9690 8.9805 0.0000
58 0 1 0 11.9250 8.9805 0.0000
58 0 1 0 11.5270 8.9805 0.0000
57 1 0 0 5.9320 7.8134 0.5000
57 1 0 0 5.8580 7.8134 0.5000
57 1 0 0 6.1580 7.8134 0.5000
56 1 0 0 6.1500 7.7156 0.5000
56 1 0 0 6.1330 7.7156 0.5000
56 1 0 0 6.1240 7.7156 0.5000
55 1 0 0 6.5200 8.5876 0.5000
55 1 0 0 6.4540 8.5876 0.5000
55 1 0 0 6.1990 8.5876 0.5000
54 1 0 0 5.7150 7.9491 0.5000
54 1 0 0 5.6850 7.9491 0.5000
54 1 0 0 5.7290 7.9491 0.5000
53 1 0 0 5.7860 7.8473 0.5000
53 1 0 0 5.7900 7.8473 0.5000
53 1 0 0 5.7960 7.8473 0.5000
52 1 0 0 6.0550 7.8009 0.5000
52 1 0 0 6.4510 7.8009 0.5000
52 1 0 0 6.0650 7.8009 0.5000
51 1 0 0 5.8150 7.9923 0.5000
51 1 0 0 5.8320 7.9923 0.5000
51 1 0 0 6.0380 7.9923 0.5000
50 1 0 0 7.6170 8.6067 0.5000
50 1 0 0 7.7740 8.6067 0.5000
50 1 0 0 7.6580 8.6067 0.5000
49 1 0 0 6.6670 8.3051 0.5000
49 1 0 0 6.6160 8.3051 0.5000
49 1 0 0 6.5870 8.3051 0.5000
48 1 0 0 9.2620 8.1198 0.5000
48 1 0 0 7.5270 8.1198 0.5000
48 1 0 0 7.8000 8.1198 0.5000
47 1 0 0 5.7100 7.8125 0.5000
47 1 0 0 5.7130 7.8125 0.5000
47 1 0 0 5.7170 7.8125 0.5000
46 1 0 0 6.5620 7.7710 0.5000
46 1 0 0 6.6450 7.7710 0.5000
46 1 0 0 6.1130 7.7710 0.5000
45 1 0 0 7.7560 8.4464 0.5000
45 0 1 0 7.7220 8.4464 0.0000
45 1 0 0 7.6590 8.4464 0.5000
44 1 0 0 5.8130 8.4001 0.5000
44 1 0 0 5.8450 8.4001 0.5000
44 1 0 0 5.8630 8.4001 0.5000
43 1 0 0 6.7340 8.0669 0.5000
43 1 0 0 6.6690 8.0669 0.5000
43 1 0 0 6.7040 8.0669 0.5000
42 1 0 0 5.7100 8.0423 0.5000
42 1 0 0 5.6330 8.0423 0.5000
42 1 0 0 5.7210 8.0423 0.5000
41 1 0 0 5.6530 7.8746 0.5000
41 1 0 0 5.7100 7.8746 0.5000
41 1 0 0 5.7400 7.8746 0.5000
40 1 0 0 5.7230 7.8574 0.5000
40 1 0 0 5.7200 7.8574 0.5000
40 1 0 0 5.7260 7.8574 0.5000
39 1 0 0 5.7040 8.0287 0.5000
39 1 0 0 5.7300 8.0287 0.5000
39 1 0 0 5.7210 8.0287 0.5000
38 1 0 0 6.9420 8.3833 0.5000
38 1 0 0 6.9320 8.3833 0.5000
38 1 0 0 6.2440 8.3833 0.5000
37 1 0 0 6.4800 8.1582 0.5000
37 1 0 0 6.3540 8.1582 0.5000
37 1 0 0 6.3600 8.1582 0.5000
36 1 0 0 5.7320 7.7655 0.5000
36 1 0 0 5.6470 7.7655 0.5000
36 1 0 0 5.7240 7.7655 0.5000
35 1 0 0 5.7430 7.9484 0.5000
35 1 0 0 5.7430 7.9484 0.5000
35 1 0 0 5.6670 7.9484 0.5000
34 1 0 0 5.9250 7.9460 0.5000
34 1 0 0 6.0230 7.9460 0.5000
34 1 0 0 5.9380 7.9460 0.5000
33 0 1 0 12.2850 8.7517 0.0000
33 0 1 0 11.1610 8.7517 0.0000
33 0 1 0 11.8090 8.7517 0.0000
32 1 0 0 5.7180 8.1038 0.5000
32 1 0 0 5.6400 8.1038 0.5000
32 1 0 0 5.6610 8.1038 0.5000
31 1 0 0 5.7280 7.9322 0.5000
31 1 0 0 5.7490 7.9322 0.5000
31 1 0 0 5.7320 7.9322 0.5000
30 0 1 0 8.1480 8.4118 0.0000
30 0 1 0 11.5040 8.4118 0.0000
30 0 1 0 12.9030 8.4118 0.0000
29 1 0 0 5.9690 8.3082 0.5000
29 1 0 0 5.9180 8.3082 0.5000
29 1 0 0 6.0420 8.3082 0.5000
28 1 0 0 5.6750 7.9034 0.5000
28 1 0 0 5.6860 7.9034 0.5000
28 1 0 0 5.7190 7.9034 0.5000
27 1 0 0 5.7470 8.2087 0.5000
27 1 0 0 5.7100 8.2087 0.5000
27 1 0 0 5.7080 8.2087 0.5000
26 1 0 0 5.7340 8.2018 0.5000
26 1 0 0 5.7550 8.2018 0.5000
26 1 0 0 5.7230 8.2018 0.5000
25 1 0 0 5.7100 8.4024 0.5000
25 1 0 0 5.7360 8.4024 0.5000
25 1 0 0 5.7390 8.4024 0.5000
24 1 0 0 6.5820 8.6556 0.5000
24 1 0 0 6.7630 8.6556 0.5000
24 1 0 0 6.6020 8.6556 0.5000
23 1 0 0 6.7300 8.2098 0.5000
23 1 0 0 6.6440 8.2098 0.5000
23 1 0 0 6.5890 8.2098 0.5000
22 1 0 0 5.8610 8.3342 0.5000
22 1 0 0 5.8770 8.3342 0.5000
22 1 0 0 5.8730 8.3342 0.5000
21 1 0 0 6.0620 8.2299 0.5000
21 1 0 0 6.0980 8.2299 0.5000
21 1 0 0 6.0210 8.2299 0.5000
20 1 0 0 5.7240 8.0363 0.5000
20 1 0 0 5.7300 8.0363 0.5000
20 1 0 0 5.7290 8.0363 0.5000
19 0 1 0 13.7330 8.8619 0.0000
19 0 1 0 5.6650 8.8619 0.0000
19 0 1 0 10.7710 8.8619 0.0000
18 1 0 0 5.7350 8.2617 0.5000
18 1 0 0 5.8110 8.2617 0.5000
18 1 0 0 5.7460 8.2617 0.5000
17 1 0 0 6.7580 8.0132 0.5000
17 1 0 0 6.5640 8.0132 0.5000
17 1 0 0 6.4550 8.0132 0.5000
16 1 0 0 7.2020 8.4080 0.5000
16 1 0 0 7.3080 8.4080 0.5000
16 1 0 0 7.2670 8.4080 0.5000
15 1 0 0 5.9000 8.1937 0.5000
15 1 0 0 5.9070 8.1937 0.5000
15 1 0 0 5.8670 8.1937 0.5000
14 1 0 0 6.0500 8.5018 0.5000
14 1 0 0 5.8120 8.5018 0.5000
14 1 0 0 5.8340 8.5018 0.5000
13 1 0 0 5.7190 8.8614 0.5000
13 1 0 0 5.7260 8.8614 0.5000
13 1 0 0 5.7480 8.8614 0.5000
12 1 0 0 7.4180 8.3184 0.5000
12 1 0 0 6.9030 8.3184 0.5000
12 1 0 0 7.4140 8.3184 0.5000
11 1 0 0 5.7510 8.2977 0.5000
11 1 0 0 5.7160 8.2977 0.5000
11 1 0 0 5.6760 8.2977 0.5000
10 1 0 0 5.7040 8.0201 0.5000
10 1 0 0 5.7420 8.0201 0.5000
10 1 0 0 5.7330 8.0201 0.5000
9 1 0 0 5.7280 8.3008 0.5000
9 1 0 0 5.7360 8.3008 0.5000
9 1 0 0 5.6290 8.3008 0.5000
8 1 0 0 5.8220 8.1098 0.5000
8 1 0 0 5.8000 8.1098 0.5000
8 1 0 0 5.7470 8.1098 0.5000
7 1 0 0 5.8080 8.6485 0.5000
7 1 0 0 5.6980 8.6485 0.5000
7 1 0 0 5.7280 8.6485 0.5000
6 1 0 0 5.8100 8.7320 0.5000
6 1 0 0 5.8290 8.7320 0.5000
6 1 0 0 5.8140 8.7320 0.5000
5 1 0 0 5.6430 8.3924 0.5000
5 1 0 0 5.7310 8.3924 0.5000
5 1 0 0 5.7240 8.3924 0.5000
4 1 0 0 8.3870 8.4641 0.5000
4 1 0 0 8.2830 8.4641 0.5000
4 1 0 0 8.9730 8.4641 0.5000
3 1 0 0 5.7540 8.4734 0.5000
3 1 0 0 5.7360 8.4734 0.5000
3 1 0 0 5.6850 8.4734 0.5000
2 1 0 0 5.7710 8.8156 0.5000
2 1 0 0 5.7580 8.8156 0.5000
2 1 0 0 5.7710 8.8156 0.5000
1 1 0 0 6.3880 8.7136 0.5000
1 1 0 0 6.3770 8.7136 0.5000
1 1 0 0 6.0960 8.7136 0.5000
