299 0 1 0 8.9320 7.8943 0.0000
299 1 0 0 11.1240 7.8943 0.5000
299 1 0 0 10.8920 7.8943 0.5000
298 1 0 0 10.5830 8.1066 0.5000
298 1 0 0 10.5870 8.1066 0.5000
298 1 0 0 10.6640 8.1066 0.5000
297 1 0 0 10.7240 8.5215 0.5000
297 1 0 0 10.5990 8.5215 0.5000
297 1 0 0 10.5920 8.5215 0.5000
296 1 0 0 10.1970 8.1588 0.5000
296 1 0 0 10.1770 8.1588 0.5000
296 1 0 0 10.0760 8.1588 0.5000
295 1 0 0 10.8760 8.0522 0.5000
295 1 0 0 11.0750 8.0522 0.5000
295 1 0 0 10.9490 8.0522 0.5000
294 1 0 0 11.0440 8.3546 0.5000
294 1 0 0 10.9420 8.3546 0.5000
294 1 0 0 11.0960 8.3546 0.5000
293 1 0 0 10.1920 8.1166 0.5000
293 1 0 0 10.1590 8.1166 0.5000
293 1 0 0 10.1590 8.1166 0.5000
292 1 0 0 10.6620 8.3615 0.5000
292 1 0 0 10.4690 8.3615 0.5000
292 1 0 0 10.1110 8.3615 0.5000
291 1 0 0 10.0730 8.4414 0.5000
291 1 0 0 10.0420 8.4414 0.5000
291 1 0 0 10.0230 8.4414 0.5000
290 1 0 0 10.0810 8.2756 0.5000
290 1 0 0 10.1740 8.2756 0.5000
290 1 0 0 10.1450 8.2756 0.5000
289 1 0 0 11.7080 8.6135 0.5000
289 0 1 0 4.6320 8.6135 0.0000
289 0 1 0 5.4510 8.6135 0.0000
288 0 1 0 4.1200 8.7374 0.0000
288 0 1 0 3.8750 8.7374 0.0000
288 0 1 0 6.3310 8.7374 0.0000
287 1 0 0 10.3580 8.8475 0.5000
287 1 0 0 10.4770 8.8475 0.5000
287 1 0 0 10.4870 8.8475 0.5000
286 1 0 0 10.6060 8.9715 0.5000
286 1 0 0 10.6350 8.9715 0.5000
286 1 0 0 10.6190 8.9715 0.5000
285 1 0 0 11.7610 8.0789 0.5000
285 1 0 0 11.4540 8.0789 0.5000
285 1 0 0 11.5730 8.0789 0.5000
284 1 0 0 11.6490 7.9792 0.5000
284 1 0 0 11.3970 7.9792 0.5000
284 0 1 0 7.0170 7.9792 0.0000
283 1 0 0 10.7990 8.3117 0.5000
283 1 0 0 10.7980 8.3117 0.5000
283 1 0 0 10.8330 8.3117 0.5000
282 1 0 0 10.0720 8.4952 0.5000
282 1 0 0 10.1460 8.4952 0.5000
282 1 0 0 10.0930 8.4952 0.5000
281 0 1 0 7.3070 8.7492 0.0000
281 1 0 0 16.2070 8.7492 0.5000
281 0 1 0 6.5920 8.7492 0.0000
280 1 0 0 11.1820 8.8536 0.5000
280 1 0 0 11.0290 8.8536 0.5000
280 1 0 0 10.9430 8.8536 0.5000
279 1 0 0 9.9840 8.8454 0.5000
279 1 0 0 9.9830 8.8454 0.5000
279 1 0 0 9.9520 8.8454 0.5000
278 1 0 0 11.5570 7.9938 0.5000
278 1 0 0 11.8540 7.9938 0.5000
278 1 0 0 11.8030 7.9938 0.5000
277 1 0 0 10.3100 7.8863 0.5000
277 1 0 0 10.4080 7.8863 0.5000
277 1 0 0 10.2340 7.8863 0.5000
276 1 0 0 12.1720 8.7216 0.5000
276 0 1 0 2.1190 8.7216 0.0000
276 0 1 0 2.2170 8.7216 0.0000
275 0 1 0 3.7560 7.8943 0.0000
275 0 1 0 5.2150 7.8943 0.0000
275 0 1 0 6.2120 7.8943 0.0000
274 1 0 0 9.8330 8.1381 0.5000
274 1 0 0 9.8670 8.1381 0.5000
274 1 0 0 9.8900 8.1381 0.5000
273 1 0 0 13.3580 8.2953 0.5000
273 0 1 0 8.4820 8.2953 0.0000
273 1 0 0 13.2520 8.2953 0.5000
272 1 0 0 10.0920 7.8076 0.5000
272 1 0 0 10.1380 7.8076 0.5000
272 1 0 0 10.1460 7.8076 0.5000
271 0 1 0 5.7780 8.1654 0.0000
271 0 1 0 7.2740 8.1654 0.0000
271 0 1 0 5.4660 8.1654 0.0000
270 1 0 0 10.2010 8.3528 0.5000
270 1 0 0 10.1110 8.3528 0.5000
270 1 0 0 10.0430 8.3528 0.5000
269 1 0 0 9.8120 8.3235 0.5000
269 1 0 0 9.7660 8.3235 0.5000
269 1 0 0 9.8080 8.3235 0.5000
268 1 0 0 10.0700 7.9633 0.5000
268 1 0 0 10.0720 7.9633 0.5000
268 1 0 0 10.0960 7.9633 0.5000
267 1 0 0 10.2690 7.8513 0.5000
267 1 0 0 10.8060 7.8513 0.5000
267 1 0 0 10.2500 7.8513 0.5000
266 1 0 0 10.1230 9.0261 0.5000
266 1 0 0 10.1720 9.0261 0.5000
266 1 0 0 10.1660 9.0261 0.5000
265 1 0 0 12.5990 8.6869 0.5000
265 1 0 0 12.6160 8.6869 0.5000
265 1 0 0 12.4670 8.6869 0.5000
264 0 1 0 7.8300 8.4668 0.0000
264 0 1 0 7.9290 8.4668 0.0000
264 0 1 0 7.7820 8.4668 0.0000
263 1 0 0 9.9730 8.0851 0.5000
263 1 0 0 9.8870 8.0851 0.5000
263 1 0 0 9.9620 8.0851 0.5000
262 1 0 0 10.7570 7.9944 0.5000
262 1 0 0 10.4120 7.9944 0.5000
262 1 0 0 10.3750 7.9944 0.5000
261 1 0 0 9.8360 7.7656 0.5000
261 1 0 0 9.7630 7.7656 0.5000
261 1 0 0 9.7670 7.7656 0.5000
260 1 0 0 11.6220 8.1527 0.5000
260 1 0 0 11.2540 8.1527 0.5000
260 1 0 0 11.5770 8.1527 0.5000
259 1 0 0 10.1550 7.9560 0.5000
259 1 0 0 10.1600 7.9560 0.5000
259 1 0 0 10.0290 7.9560 0.5000
258 1 0 0 9.5480 9.2138 0.5000
258 1 0 0 9.5620 9.2138 0.5000
258 1 0 0 9.6260 9.2138 0.5000
257 1 0 0 9.7930 8.5552 0.5000
257 1 0 0 9.7850 8.5552 0.5000
257 1 0 0 9.8300 8.5552 0.5000
256 1 0 0 10.0790 7.7935 0.5000
256 1 0 0 10.0920 7.7935 0.5000
256 1 0 0 10.1710 7.7935 0.5000
255 1 0 0 10.6330 8.2343 0.5000
255 1 0 0 10.6050 8.2343 0.5000
255 1 0 0 10.8390 8.2343 0.5000
254 1 0 0 12.0810 8.3322 0.5000
254 1 0 0 10.9170 8.3322 0.5000
254 0 1 0 4.9210 8.3322 0.0000
253 1 0 0 9.9530 7.7807 0.5000
253 1 0 0 9.9640 7.7807 0.5000
253 1 0 0 9.9800 7.7807 0.5000
252 1 0 0 9.5850 7.6412 0.5000
252 1 0 0 9.6100 7.6412 0.5000
252 1 0 0 9.5760 7.6412 0.5000
251 1 0 0 9.6560 7.8992 0.5000
251 1 0 0 9.5920 7.8992 0.5000
251 1 0 0 9.6650 7.8992 0.5000
250 1 0 0 9.7960 7.7533 0.5000
250 1 0 0 9.7440 7.7533 0.5000
250 1 0 0 9.8030 7.7533 0.5000
249 1 0 0 10.0450 8.1320 0.5000
249 1 0 0 10.0790 8.1320 0.5000
249 1 0 0 10.0330 8.1320 0.5000
248 1 0 0 9.9690 7.9923 0.5000
248 1 0 0 9.9880 7.9923 0.5000
248 1 0 0 9.9930 7.9923 0.5000
247 1 0 0 9.9210 8.3974 0.5000
247 1 0 0 9.9270 8.3974 0.5000
247 1 0 0 9.9570 8.3974 0.5000
246 1 0 0 10.0590 7.9229 0.5000
246 1 0 0 10.0420 7.9229 0.5000
246 1 0 0 10.0600 7.9229 0.5000
245 0 1 0 8.6260 8.0073 0.0000
245 0 1 0 8.8380 8.0073 0.0000
245 0 1 0 8.8220 8.0073 0.0000
244 1 0 0 10.0620 7.8886 0.5000
244 1 0 0 10.0910 7.8886 0.5000
244 1 0 0 10.1570 7.8886 0.5000
243 0 1 0 6.0610 9.3565 0.0000
243 1 0 0 11.8340 9.3565 0.5000
243 1 0 0 10.7830 9.3565 0.5000
242 1 0 0 9.9760 7.8569 0.5000
242 1 0 0 9.9040 7.8569 0.5000
242 1 0 0 9.9540 7.8569 0.5000
241 1 0 0 11.3270 8.1083 0.5000
241 1 0 0 11.2190 8.1083 0.5000
241 1 0 0 11.1250 8.1083 0.5000
240 1 0 0 9.9040 8.8293 0.5000
240 1 0 0 9.8640 8.8293 0.5000
240 1 0 0 9.8780 8.8293 0.5000
239 1 0 0 10.3560 9.1256 0.5000
239 1 0 0 10.3780 9.1256 0.5000
239 1 0 0 10.2860 9.1256 0.5000
238 1 0 0 11.9450 8.2790 0.5000
238 1 0 0 11.7010 8.2790 0.5000
238 1 0 0 11.9280 8.2790 0.5000
237 1 0 0 11.5280 8.1846 0.5000
237 1 0 0 9.8500 8.1846 0.5000
237 0 1 0 2.6300 8.1846 0.0000
236 1 0 0 10.6910 7.8991 0.5000
236 1 0 0 10.7280 7.8991 0.5000
236 1 0 0 10.8030 7.8991 0.5000
235 1 0 0 10.1540 8.0172 0.5000
235 1 0 0 10.1740 8.0172 0.5000
235 1 0 0 10.1910 8.0172 0.5000
234 1 0 0 9.8520 7.8729 0.5000
234 1 0 0 9.8440 7.8729 0.5000
234 1 0 0 9.8770 7.8729 0.5000
233 1 0 0 9.8180 8.2097 0.5000
233 1 0 0 9.7660 8.2097 0.5000
233 1 0 0 9.7640 8.2097 0.5000
232 1 0 0 10.2490 8.5412 0.5000
232 1 0 0 10.2870 8.5412 0.5000
232 1 0 0 10.3580 8.5412 0.5000
231 1 0 0 11.6500 8.3411 0.5000
231 1 0 0 11.7440 8.3411 0.5000
231 1 0 0 12.0410 8.3411 0.5000
230 1 0 0 10.0690 8.1117 0.5000
230 1 0 0 10.0120 8.1117 0.5000
230 1 0 0 10.0480 8.1117 0.5000
229 1 0 0 10.1840 7.7993 0.5000
229 1 0 0 10.1670 7.7993 0.5000
229 1 0 0 10.2360 7.7993 0.5000
228 0 1 0 4.5130 8.7277 0.0000
228 0 1 0 7.1020 8.7277 0.0000
228 0 1 0 5.8440 8.7277 0.0000
227 1 0 0 9.9660 7.8473 0.5000
227 1 0 0 9.9400 7.8473 0.5000
227 1 0 0 9.9920 7.8473 0.5000
226 1 0 0 10.0080 7.8942 0.5000
226 1 0 0 9.9700 7.8942 0.5000
226 1 0 0 9.9470 7.8942 0.5000
225 1 0 0 9.9000 7.8481 0.5000
225 1 0 0 9.9680 7.8481 0.5000
225 1 0 0 9.9320 7.8481 0.5000
224 0 1 0 5.6400 7.9252 0.0000
224 0 1 0 5.5500 7.9252 0.0000
224 0 1 0 5.5820 7.9252 0.0000
223 1 0 0 10.0570 7.8783 0.5000
223 1 0 0 9.9850 7.8783 0.5000
223 1 0 0 10.0190 7.8783 0.5000
222 1 0 0 10.3100 8.0216 0.5000
222 1 0 0 10.1950 8.0216 0.5000
222 1 0 0 10.1820 8.0216 0.5000
221 1 0 0 11.3330 8.6512 0.5000
221 1 0 0 10.1220 8.6512 0.5000
221 1 0 0 11.2840 8.6512 0.5000
220 1 0 0 10.2510 8.0888 0.5000
220 1 0 0 10.2890 8.0888 0.5000
220 1 0 0 10.4780 8.0888 0.5000
219 0 1 0 6.3020 8.5526 0.0000
219 0 1 0 5.4600 8.5526 0.0000
219 0 1 0 3.9750 8.5526 0.0000
218 1 0 0 9.5770 8.0828 0.5000
218 1 0 0 9.6610 8.0828 0.5000
218 1 0 0 9.5580 8.0828 0.5000
217 1 0 0 10.5170 8.0196 0.5000
217 1 0 0 10.3950 8.0196 0.5000
217 1 0 0 11.0940 8.0196 0.5000
216 1 0 0 10.5000 8.0817 0.5000
216 1 0 0 10.5330 8.0817 0.5000
216 1 0 0 10.5940 8.0817 0.5000
215 1 0 0 9.9470 8.0547 0.5000
215 1 0 0 9.8820 8.0547 0.5000
215 1 0 0 9.9830 8.0547 0.5000
214 1 0 0 11.5590 8.4522 0.5000
214 1 0 0 11.6700 8.4522 0.5000
214 1 0 0 11.4870 8.4522 0.5000
213 1 0 0 9.9400 7.7458 0.5000
213 1 0 0 9.9440 7.7458 0.5000
213 1 0 0 9.9460 7.7458 0.5000
212 1 0 0 9.9130 7.9827 0.5000
212 1 0 0 9.8960 7.9827 0.5000
212 1 0 0 9.8810 7.9827 0.5000
211 1 0 0 10.0010 7.7384 0.5000
211 1 0 0 9.9590 7.7384 0.5000
211 1 0 0 9.9240 7.7384 0.5000
210 1 0 0 10.2560 7.7725 0.5000
210 1 0 0 10.2010 7.7725 0.5000
210 1 0 0 10.2870 7.7725 0.5000
209 0 1 0 3.1720 8.2509 0.0000
209 1 0 0 11.0670 8.2509 0.5000
209 1 0 0 10.7400 8.2509 0.5000
208 1 0 0 9.8040 8.3808 0.5000
208 1 0 0 9.8380 8.3808 0.5000
208 1 0 0 9.7620 8.3808 0.5000
207 0 1 0 4.3050 7.9796 0.0000
207 0 1 0 3.6650 7.9796 0.0000
207 0 1 0 3.7100 7.9796 0.0000
206 1 0 0 10.0380 8.2363 0.5000
206 1 0 0 9.9760 8.2363 0.5000
206 1 0 0 9.9970 8.2363 0.5000
205 1 0 0 10.0850 8.0101 0.5000
205 1 0 0 10.0050 8.0101 0.5000
205 1 0 0 10.0730 8.0101 0.5000
204 1 0 0 10.2820 9.3316 0.5000
204 1 0 0 10.3820 9.3316 0.5000
204 1 0 0 10.3080 9.3316 0.5000
203 1 0 0 10.3310 8.1183 0.5000
203 1 0 0 10.1480 8.1183 0.5000
203 1 0 0 10.0870 8.1183 0.5000
202 1 0 0 9.6190 7.7193 0.5000
202 1 0 0 9.6240 7.7193 0.5000
202 1 0 0 9.6560 7.7193 0.5000
201 1 0 0 9.9670 9.1857 0.5000
201 1 0 0 9.9480 9.1857 0.5000
201 1 0 0 10.0440 9.1857 0.5000
200 1 0 0 9.6160 7.8225 0.5000
200 1 0 0 9.6690 7.8225 0.5000
200 1 0 0 9.6280 7.8225 0.5000
199 1 0 0 10.3510 8.4647 0.5000
199 1 0 0 10.9740 8.4647 0.5000
199 1 0 0 10.5080 8.4647 0.5000
198 1 0 0 9.7750 8.1335 0.5000
198 1 0 0 9.8150 8.1335 0.5000
198 1 0 0 9.8300 8.1335 0.5000
197 0 1 0 4.3760 7.9041 0.0000
197 0 1 0 4.3770 7.9041 0.0000
197 0 1 0 4.3230 7.9041 0.0000
196 1 0 0 9.7510 7.8055 0.5000
196 1 0 0 9.6600 7.8055 0.5000
196 1 0 0 9.7670 7.8055 0.5000
195 1 0 0 9.9440 7.9816 0.5000
195 1 0 0 10.0530 7.9816 0.5000
195 1 0 0 10.0410 7.9816 0.5000
194 0 1 0 6.2100 7.9141 0.0000
194 1 0 0 10.7490 7.9141 0.5000
194 1 0 0 10.3960 7.9141 0.5000
193 1 0 0 10.1030 7.8801 0.5000
193 1 0 0 10.1530 7.8801 0.5000
193 1 0 0 10.0950 7.8801 0.5000
192 0 1 0 5.2370 8.0540 0.0000
192 1 0 0 10.6100 8.0540 0.5000
192 1 0 0 10.8390 8.0540 0.5000
191 0 1 0 4.8490 8.5544 0.0000
191 1 0 0 11.0970 8.5544 0.5000
191 1 0 0 10.8190 8.5544 0.5000
190 1 0 0 9.9800 7.9549 0.5000
190 1 0 0 10.0200 7.9549 0.5000
190 1 0 0 9.9810 7.9549 0.5000
189 1 0 0 9.7700 7.8867 0.5000
189 1 0 0 9.7790 7.8867 0.5000
189 1 0 0 9.7730 7.8867 0.5000
188 1 0 0 11.0430 8.0758 0.5000
188 1 0 0 11.3370 8.0758 0.5000
188 1 0 0 11.2160 8.0758 0.5000
187 1 0 0 9.9050 7.9598 0.5000
187 1 0 0 9.9320 7.9598 0.5000
187 1 0 0 9.9950 7.9598 0.5000
186 1 0 0 10.5100 8.3575 0.5000
186 1 0 0 10.0380 8.3575 0.5000
186 1 0 0 11.0160 8.3575 0.5000
185 1 0 0 10.0460 8.0579 0.5000
185 1 0 0 10.1530 8.0579 0.5000
185 1 0 0 10.0880 8.0579 0.5000
184 1 0 0 10.0910 8.5925 0.5000
184 1 0 0 10.1810 8.5925 0.5000
184 1 0 0 10.0520 8.5925 0.5000
183 1 0 0 9.7500 7.9435 0.5000
183 1 0 0 9.6500 7.9435 0.5000
183 1 0 0 9.7320 7.9435 0.5000
182 1 0 0 11.1220 7.8242 0.5000
182 1 0 0 11.8150 7.8242 0.5000
182 0 1 0 6.4720 7.8242 0.0000
181 1 0 0 12.6550 8.5661 0.5000
181 1 0 0 11.8510 8.5661 0.5000
181 1 0 0 11.2870 8.5661 0.5000
180 1 0 0 10.3790 8.1770 0.5000
180 1 0 0 10.3920 8.1770 0.5000
180 1 0 0 10.4070 8.1770 0.5000
179 1 0 0 9.9540 7.9033 0.5000
179 1 0 0 9.9890 7.9033 0.5000
179 1 0 0 9.9540 7.9033 0.5000
178 1 0 0 10.0980 7.9380 0.5000
178 1 0 0 10.1580 7.9380 0.5000
178 1 0 0 10.0630 7.9380 0.5000
177 1 0 0 9.8010 9.1208 0.5000
177 1 0 0 9.8630 9.1208 0.5000
177 1 0 0 9.8120 9.1208 0.5000
176 0 1 0 4.2080 7.9041 0.0000
176 1 0 0 12.6060 7.9041 0.5000
176 1 0 0 12.2800 7.9041 0.5000
175 1 0 0 10.1950 8.1769 0.5000
175 1 0 0 10.2530 8.1769 0.5000
175 1 0 0 10.1820 8.1769 0.5000
174 1 0 0 10.0100 7.8371 0.5000
174 1 0 0 10.0330 7.8371 0.5000
174 1 0 0 9.9330 7.8371 0.5000
173 1 0 0 9.8420 7.7193 0.5000
173 1 0 0 9.7850 7.7193 0.5000
173 1 0 0 9.8570 7.7193 0.5000
172 1 0 0 9.9640 7.8436 0.5000
172 1 0 0 9.9760 7.8436 0.5000
172 1 0 0 9.9570 7.8436 0.5000
171 1 0 0 9.9530 8.1017 0.5000
171 1 0 0 9.9500 8.1017 0.5000
171 1 0 0 10.2850 8.1017 0.5000
170 1 0 0 9.7320 8.5370 0.5000
170 1 0 0 9.8250 8.5370 0.5000
170 1 0 0 9.7400 8.5370 0.5000
169 1 0 0 9.9460 7.9483 0.5000
169 1 0 0 10.1200 7.9483 0.5000
169 1 0 0 9.9720 7.9483 0.5000
168 1 0 0 10.6010 8.2366 0.5000
168 1 0 0 10.7150 8.2366 0.5000
168 1 0 0 10.6380 8.2366 0.5000
167 1 0 0 11.3270 8.5229 0.5000
167 1 0 0 12.6820 8.5229 0.5000
167 1 0 0 11.2510 8.5229 0.5000
166 1 0 0 9.7240 7.6616 0.5000
166 1 0 0 9.7240 7.6616 0.5000
166 1 0 0 9.6710 7.6616 0.5000
165 1 0 0 10.5120 7.8863 0.5000
165 1 0 0 10.5180 7.8863 0.5000
165 1 0 0 10.6740 7.8863 0.5000
164 1 0 0 9.7390 8.6209 0.5000
164 1 0 0 9.7730 8.6209 0.5000
164 1 0 0 9.7800 8.6209 0.5000
163 1 0 0 11.7780 8.2331 0.5000
163 1 0 0 10.9040 8.2331 0.5000
163 1 0 0 11.6240 8.2331 0.5000
162 1 0 0 9.9480 7.9140 0.5000
162 1 0 0 9.9950 7.9140 0.5000
162 1 0 0 9.9410 7.9140 0.5000
161 1 0 0 9.7370 7.9445 0.5000
161 1 0 0 9.7800 7.9445 0.5000
161 1 0 0 9.7570 7.9445 0.5000
160 1 0 0 9.8740 8.1290 0.5000
160 1 0 0 9.7590 8.1290 0.5000
160 1 0 0 9.8230 8.1290 0.5000
159 1 0 0 9.6570 8.1268 0.5000
159 1 0 0 9.6390 8.1268 0.5000
159 1 0 0 9.7280 8.1268 0.5000
158 1 0 0 10.0830 7.8738 0.5000
158 1 0 0 10.0870 7.8738 0.5000
158 1 0 0 10.0790 7.8738 0.5000
157 1 0 0 9.9460 8.7112 0.5000
157 1 0 0 9.9620 8.7112 0.5000
157 1 0 0 9.9940 8.7112 0.5000
156 1 0 0 9.9720 7.6779 0.5000
156 1 0 0 9.9110 7.6779 0.5000
156 1 0 0 9.9380 7.6779 0.5000
155 1 0 0 9.9730 7.8592 0.5000
155 1 0 0 9.9790 7.8592 0.5000
155 1 0 0 9.9370 7.8592 0.5000
154 1 0 0 9.6000 7.8169 0.5000
154 1 0 0 9.6210 7.8169 0.5000
154 1 0 0 9.6550 7.8169 0.5000
153 1 0 0 10.5120 8.3175 0.5000
153 1 0 0 10.5880 8.3175 0.5000
153 1 0 0 10.4020 8.3175 0.5000
152 1 0 0 10.1560 8.1617 0.5000
152 1 0 0 10.0690 8.1617 0.5000
152 1 0 0 10.0810 8.1617 0.5000
151 1 0 0 9.9650 7.9335 0.5000
151 1 0 0 9.9520 7.9335 0.5000
151 1 0 0 9.9020 7.9335 0.5000
150 1 0 0 10.4520 7.9223 0.5000
150 1 0 0 10.5780 7.9223 0.5000
150 1 0 0 10.5960 7.9223 0.5000
149 1 0 0 9.8160 8.5702 0.5000
149 1 0 0 9.8600 8.5702 0.5000
149 1 0 0 9.8220 8.5702 0.5000
148 1 0 0 10.0010 7.9772 0.5000
148 1 0 0 9.8690 7.9772 0.5000
148 1 0 0 9.9510 7.9772 0.5000
147 1 0 0 9.6480 8.0566 0.5000
147 1 0 0 9.5730 8.0566 0.5000
147 1 0 0 9.6090 8.0566 0.5000
146 1 0 0 10.0520 8.2562 0.5000
146 1 0 0 10.0060 8.2562 0.5000
146 1 0 0 9.9790 8.2562 0.5000
145 1 0 0 9.5450 7.9406 0.5000
145 1 0 0 9.5640 7.9406 0.5000
145 1 0 0 9.5190 7.9406 0.5000
144 1 0 0 10.0350 7.9683 0.5000
144 1 0 0 10.0520 7.9683 0.5000
144 1 0 0 10.0200 7.9683 0.5000
143 1 0 0 11.1950 8.1052 0.5000
143 1 0 0 11.1560 8.1052 0.5000
143 1 0 0 11.7110 8.1052 0.5000
142 1 0 0 10.8120 8.0336 0.5000
142 1 0 0 10.8140 8.0336 0.5000
142 1 0 0 10.6850 8.0336 0.5000
141 1 0 0 9.6610 8.0581 0.5000
141 1 0 0 9.5820 8.0581 0.5000
141 1 0 0 9.6440 8.0581 0.5000
140 1 0 0 10.4940 7.8845 0.5000
140 1 0 0 10.5830 7.8845 0.5000
140 1 0 0 10.4330 7.8845 0.5000
139 1 0 0 9.5500 7.6318 0.5000
139 1 0 0 9.5700 7.6318 0.5000
139 1 0 0 9.5680 7.6318 0.5000
138 0 1 0 4.0910 9.0486 0.0000
138 1 0 0 11.2240 9.0486 0.5000
138 1 0 0 11.6210 9.0486 0.5000
137 0 1 0 6.1690 7.9894 0.0000
137 0 1 0 6.3050 7.9894 0.0000
137 1 0 0 11.8820 7.9894 0.5000
136 1 0 0 9.9890 7.9794 0.5000
136 1 0 0 9.9820 7.9794 0.5000
136 1 0 0 10.0430 7.9794 0.5000
135 1 0 0 10.2250 7.8433 0.5000
135 1 0 0 10.2250 7.8433 0.5000
135 1 0 0 10.1990 7.8433 0.5000
134 1 0 0 9.9300 7.8535 0.5000
134 1 0 0 9.9240 7.8535 0.5000
134 1 0 0 9.9780 7.8535 0.5000
133 1 0 0 9.6230 7.8878 0.5000
133 1 0 0 9.6420 7.8878 0.5000
133 1 0 0 9.6240 7.8878 0.5000
132 1 0 0 11.4230 7.8821 0.5000
132 1 0 0 11.5000 7.8821 0.5000
132 1 0 0 11.7520 7.8821 0.5000
131 1 0 0 9.9560 8.9195 0.5000
131 1 0 0 9.8870 8.9195 0.5000
131 1 0 0 9.9300 8.9195 0.5000
130 1 0 0 9.6850 8.0658 0.5000
130 1 0 0 9.6910 8.0658 0.5000
130 1 0 0 9.6470 8.0658 0.5000
129 0 1 0 4.0850 8.2893 0.0000
129 1 0 0 9.9400 8.2893 0.5000
129 1 0 0 10.0000 8.2893 0.5000
128 1 0 0 9.8040 7.9857 0.5000
128 1 0 0 9.7430 7.9857 0.5000
128 1 0 0 9.7880 7.9857 0.5000
127 1 0 0 11.5520 8.1692 0.5000
127 1 0 0 11.0500 8.1692 0.5000
127 1 0 0 11.8110 8.1692 0.5000
126 1 0 0 11.0310 7.9794 0.5000
126 1 0 0 10.9110 7.9794 0.5000
126 1 0 0 11.1510 7.9794 0.5000
125 1 0 0 9.5880 7.9724 0.5000
125 1 0 0 9.6510 7.9724 0.5000
125 1 0 0 9.6120 7.9724 0.5000
124 1 0 0 9.9850 8.8665 0.5000
124 1 0 0 10.0690 8.8665 0.5000
124 1 0 0 10.0570 8.8665 0.5000
123 1 0 0 10.9620 8.1178 0.5000
123 1 0 0 10.7190 8.1178 0.5000
123 1 0 0 10.7840 8.1178 0.5000
122 1 0 0 10.1150 8.1767 0.5000
122 1 0 0 10.1010 8.1767 0.5000
122 1 0 0 10.1840 8.1767 0.5000
121 1 0 0 10.3890 8.2653 0.5000
121 1 0 0 10.3980 8.2653 0.5000
121 1 0 0 10.3390 8.2653 0.5000
120 1 0 0 11.1510 8.1746 0.5000
120 1 0 0 11.2320 8.1746 0.5000
120 1 0 0 11.3170 8.1746 0.5000
119 1 0 0 10.1770 8.5615 0.5000
119 1 0 0 10.1580 8.5615 0.5000
119 1 0 0 10.2410 8.5615 0.5000
118 0 1 0 8.1930 8.1824 0.0000
118 1 0 0 10.3590 8.1824 0.5000
118 0 1 0 4.9510 8.1824 0.0000
117 1 0 0 11.5280 8.4771 0.5000
117 1 0 0 11.5370 8.4771 0.5000
117 1 0 0 11.4500 8.4771 0.5000
116 1 0 0 9.6510 7.7156 0.5000
116 1 0 0 9.5820 7.7156 0.5000
116 1 0 0 9.7070 7.7156 0.5000
115 1 0 0 9.9390 7.9910 0.5000
115 1 0 0 9.9500 7.9910 0.5000
115 1 0 0 9.9630 7.9910 0.5000
114 0 1 0 6.1980 8.7138 0.0000
114 0 1 0 5.9620 8.7138 0.0000
114 0 1 0 6.1740 8.7138 0.0000
113 1 0 0 10.1810 8.1481 0.5000
113 1 0 0 10.1740 8.1481 0.5000
113 1 0 0 10.1820 8.1481 0.5000
112 1 0 0 9.8960 8.4223 0.5000
112 1 0 0 9.9410 8.4223 0.5000
112 1 0 0 9.9230 8.4223 0.5000
111 0 1 0 7.4710 9.1523 0.0000
111 1 0 0 16.3400 9.1523 0.5000
111 1 0 0 14.8050 9.1523 0.5000
110 1 0 0 9.8050 8.2940 0.5000
110 1 0 0 9.8650 8.2940 0.5000
110 1 0 0 9.8870 8.2940 0.5000
109 1 0 0 9.7560 8.1010 0.5000
109 1 0 0 9.7460 8.1010 0.5000
109 1 0 0 9.7710 8.1010 0.5000
108 1 0 0 9.8890 7.8203 0.5000
108 1 0 0 9.8270 7.8203 0.5000
108 1 0 0 9.8310 7.8203 0.5000
107 1 0 0 10.1090 8.4351 0.5000
107 1 0 0 10.0920 8.4351 0.5000
107 1 0 0 9.9860 8.4351 0.5000
106 1 0 0 10.3390 8.0814 0.5000
106 1 0 0 10.4620 8.0814 0.5000
106 1 0 0 10.3580 8.0814 0.5000
105 1 0 0 10.7210 8.0305 0.5000
105 1 0 0 10.8100 8.0305 0.5000
105 1 0 0 10.9150 8.0305 0.5000
104 1 0 0 10.8420 8.0377 0.5000
104 1 0 0 10.0070 8.0377 0.5000
104 1 0 0 10.2030 8.0377 0.5000
103 1 0 0 11.0970 8.0334 0.5000
103 1 0 0 11.0330 8.0334 0.5000
103 1 0 0 11.1760 8.0334 0.5000
102 1 0 0 10.2610 7.7503 0.5000
102 1 0 0 10.2920 7.7503 0.5000
102 1 0 0 10.2210 7.7503 0.5000
101 1 0 0 9.7540 7.5407 0.5000
101 1 0 0 9.6950 7.5407 0.5000
101 1 0 0 9.7710 7.5407 0.5000
100 1 0 0 10.0040 7.8551 0.5000
100 1 0 0 10.0580 7.8551 0.5000
100 1 0 0 10.0500 7.8551 0.5000
99 1 0 0 11.2760 8.1238 0.5000
99 1 0 0 10.5480 8.1238 0.5000
99 0 1 0 5.4620 8.1238 0.0000
98 1 0 0 9.6610 7.8888 0.5000
98 1 0 0 9.6670 7.8888 0.5000
98 1 0 0 9.6590 7.8888 0.5000
97 1 0 0 10.0270 7.7844 0.5000
97 1 0 0 9.9000 7.7844 0.5000
97 1 0 0 9.9590 7.7844 0.5000
96 1 0 0 10.0490 8.0041 0.5000
96 1 0 0 10.0410 8.0041 0.5000
96 1 0 0 10.0140 8.0041 0.5000
95 1 0 0 9.6310 7.7005 0.5000
95 1 0 0 9.7400 7.7005 0.5000
95 1 0 0 9.7100 7.7005 0.5000
94 1 0 0 9.6230 7.5209 0.5000
94 1 0 0 9.5950 7.5209 0.5000
94 1 0 0 9.6910 7.5209 0.5000
93 1 0 0 9.6580 7.7830 0.5000
93 1 0 0 9.5830 7.7830 0.5000
93 1 0 0 9.6440 7.7830 0.5000
92 1 0 0 9.5980 7.6940 0.5000
92 1 0 0 9.6280 7.6940 0.5000
92 1 0 0 9.5940 7.6940 0.5000
91 1 0 0 10.1370 8.1617 0.5000
91 1 0 0 10.1280 8.1617 0.5000
91 1 0 0 10.1340 8.1617 0.5000
90 1 0 0 9.9690 7.9466 0.5000
90 1 0 0 9.9240 7.9466 0.5000
90 1 0 0 9.8910 7.9466 0.5000
89 1 0 0 9.5340 8.0393 0.5000
89 1 0 0 9.5700 8.0393 0.5000
89 1 0 0 9.5150 8.0393 0.5000
88 1 0 0 9.8840 7.7476 0.5000
88 1 0 0 9.8520 7.7476 0.5000
88 1 0 0 9.9000 7.7476 0.5000
87 1 0 0 9.8870 7.9960 0.5000
87 1 0 0 9.8880 7.9960 0.5000
87 1 0 0 9.9200 7.9960 0.5000
86 1 0 0 11.2360 7.9096 0.5000
86 0 1 0 5.0550 7.9096 0.0000
86 1 0 0 12.1510 7.9096 0.5000
85 0 1 0 2.5340 7.9264 0.0000
85 1 0 0 11.7090 7.9264 0.5000
85 1 0 0 11.5870 7.9264 0.5000
84 1 0 0 9.6530 7.8991 0.5000
84 1 0 0 9.6910 7.8991 0.5000
84 1 0 0 9.7070 7.8991 0.5000
83 1 0 0 10.1000 8.8306 0.5000
83 1 0 0 10.1120 8.8306 0.5000
83 1 0 0 10.0960 8.8306 0.5000
82 1 0 0 9.9390 9.1396 0.5000
82 1 0 0 9.9150 9.1396 0.5000
82 1 0 0 9.9620 9.1396 0.5000
81 1 0 0 9.9900 7.7123 0.5000
81 1 0 0 9.9490 7.7123 0.5000
81 1 0 0 9.9430 7.7123 0.5000
80 1 0 0 10.8050 8.0481 0.5000
80 1 0 0 10.8620 8.0481 0.5000
80 1 0 0 10.9260 8.0481 0.5000
79 1 0 0 9.7300 7.8461 0.5000
79 1 0 0 9.7820 7.8461 0.5000
79 1 0 0 9.7950 7.8461 0.5000
78 1 0 0 10.0940 9.0217 0.5000
78 1 0 0 10.0540 9.0217 0.5000
78 1 0 0 10.0250 9.0217 0.5000
77 1 0 0 9.7880 7.8372 0.5000
77 1 0 0 9.8630 7.8372 0.5000
77 1 0 0 9.7870 7.8372 0.5000
76 1 0 0 9.8320 7.8180 0.5000
76 1 0 0 9.8750 7.8180 0.5000
76 1 0 0 9.9570 7.8180 0.5000
75 1 0 0 9.6990 7.8305 0.5000
75 1 0 0 9.7010 7.8305 0.5000
75 1 0 0 9.7190 7.8305 0.5000
74 1 0 0 9.8950 8.5940 0.5000
74 1 0 0 9.9560 8.5940 0.5000
74 1 0 0 9.9470 8.5940 0.5000
73 1 0 0 9.6590 8.2208 0.5000
73 1 0 0 9.6830 8.2208 0.5000
73 1 0 0 9.7510 8.2208 0.5000
72 1 0 0 9.5710 7.7543 0.5000
72 1 0 0 9.5880 7.7543 0.5000
72 1 0 0 9.5890 7.7543 0.5000
71 1 0 0 9.5310 7.8322 0.5000
71 1 0 0 9.5300 7.8322 0.5000
71 1 0 0 9.6000 7.8322 0.5000
70 1 0 0 9.9530 7.9155 0.5000
70 1 0 0 9.9540 7.9155 0.5000
70 1 0 0 9.9730 7.9155 0.5000
69 1 0 0 9.9700 8.1977 0.5000
69 1 0 0 9.9940 8.1977 0.5000
69 1 0 0 9.9390 8.1977 0.5000
68 1 0 0 9.6010 8.2917 0.5000
68 1 0 0 9.5830 8.2917 0.5000
68 1 0 0 9.5780 8.2917 0.5000
67 1 0 0 9.5890 7.6937 0.5000
67 1 0 0 9.5990 7.6937 0.5000
67 1 0 0 9.5590 7.6937 0.5000
66 1 0 0 9.9780 7.8316 0.5000
66 1 0 0 10.0860 7.8316 0.5000
66 1 0 0 10.0700 7.8316 0.5000
65 1 0 0 9.7810 8.4451 0.5000
65 1 0 0 9.7740 8.4451 0.5000
65 1 0 0 9.7660 8.4451 0.5000
64 1 0 0 10.1330 7.9270 0.5000
64 1 0 0 10.0810 7.9270 0.5000
64 1 0 0 10.1180 7.9270 0.5000
63 1 0 0 9.6830 7.7779 0.5000
63 1 0 0 9.6680 7.7779 0.5000
63 1 0 0 9.6650 7.7779 0.5000
62 1 0 0 10.5750 8.3808 0.5000
62 1 0 0 10.6590 8.3808 0.5000
62 1 0 0 10.4830 8.3808 0.5000
61 1 0 0 9.5630 7.9289 0.5000
61 1 0 0 9.6120 7.9289 0.5000
61 1 0 0 9.5780 7.9289 0.5000
60 1 0 0 9.5290 7.9057 0.5000
60 1 0 0 9.5340 7.9057 0.5000
60 1 0 0 9.5670 7.9057 0.5000
59 1 0 0 10.0470 8.1423 0.5000
59 1 0 0 10.0690 8.1423 0.5000
59 1 0 0 10.0800 8.1423 0.5000
58 0 1 0 10.8740 8.9805 0.0000
58 0 1 0 10.9100 8.9805 0.0000
58 0 1 0 11.1950 8.9805 0.0000
57 1 0 0 9.8800 7.8134 0.5000
57 1 0 0 9.8400 7.8134 0.5000
57 1 0 0 9.8670 7.8134 0.5000
56 1 0 0 9.9080 7.7156 0.5000
56 1 0 0 9.9010 7.7156 0.5000
56 1 0 0 9.8960 7.7156 0.5000
55 1 0 0 9.9770 8.5876 0.5000
55 1 0 0 9.9940 8.5876 0.5000
55 1 0 0 9.9460 8.5876 0.5000
54 1 0 0 9.8000 7.9491 0.5000
54 1 0 0 9.8820 7.9491 0.5000
54 1 0 0 9.7910 7.9491 0.5000
53 1 0 0 9.9960 7.8473 0.5000
53 1 0 0 9.9220 7.8473 0.5000
53 1 0 0 9.9010 7.8473 0.5000
52 1 0 0 9.8640 7.8009 0.5000
52 1 0 0 9.9070 7.8009 0.5000
52 1 0 0 9.9540 7.8009 0.5000
51 1 0 0 9.8220 7.9923 0.5000
51 1 0 0 9.8340 7.9923 0.5000
51 1 0 0 9.9150 7.9923 0.5000
50 1 0 0 10.4680 8.6067 0.5000
50 1 0 0 10.4090 8.6067 0.5000
50 1 0 0 10.4230 8.6067 0.5000
49 1 0 0 9.8620 8.3051 0.5000
49 1 0 0 9.8920 8.3051 0.5000
49 1 0 0 9.8420 8.3051 0.5000
48 1 0 0 10.3400 8.1198 0.5000
48 1 0 0 10.1830 8.1198 0.5000
48 1 0 0 10.3020 8.1198 0.5000
47 1 0 0 9.9390 7.8125 0.5000
47 1 0 0 9.9130 7.8125 0.5000
47 1 0 0 9.9280 7.8125 0.5000
46 1 0 0 9.9900 7.7710 0.5000
46 1 0 0 9.9160 7.7710 0.5000
46 1 0 0 10.0230 7.7710 0.5000
45 0 1 0 6.5060 8.4464 0.0000
45 1 0 0 10.3880 8.4464 0.5000
45 1 0 0 10.2750 8.4464 0.5000
44 1 0 0 9.8760 8.4001 0.5000
44 1 0 0 9.8090 8.4001 0.5000
44 1 0 0 9.8380 8.4001 0.5000
43 1 0 0 10.1880 8.0669 0.5000
43 1 0 0 10.2190 8.0669 0.5000
43 1 0 0 10.2620 8.0669 0.5000
42 1 0 0 9.6320 8.0423 0.5000
42 1 0 0 9.6450 8.0423 0.5000
42 1 0 0 9.5730 8.0423 0.5000
41 1 0 0 9.5860 7.8746 0.5000
41 1 0 0 9.6400 7.8746 0.5000
41 1 0 0 9.5500 7.8746 0.5000
40 1 0 0 9.5740 7.8574 0.5000
40 1 0 0 9.6110 7.8574 0.5000
40 1 0 0 9.5720 7.8574 0.5000
39 1 0 0 9.5840 8.0287 0.5000
39 1 0 0 9.5590 8.0287 0.5000
39 1 0 0 9.5880 8.0287 0.5000
38 1 0 0 9.9730 8.3833 0.5000
38 1 0 0 9.9450 8.3833 0.5000
38 1 0 0 9.9400 8.3833 0.5000
37 1 0 0 9.9870 8.1582 0.5000
37 1 0 0 10.0020 8.1582 0.5000
37 1 0 0 10.0650 8.1582 0.5000
36 1 0 0 9.6610 7.7655 0.5000
36 1 0 0 9.6460 7.7655 0.5000
36 1 0 0 9.6410 7.7655 0.5000
35 1 0 0 9.5710 7.9484 0.5000
35 1 0 0 9.5610 7.9484 0.5000
35 1 0 0 9.5460 7.9484 0.5000
34 1 0 0 9.8370 7.9460 0.5000
34 1 0 0 9.8160 7.9460 0.5000
34 1 0 0 9.8810 7.9460 0.5000
33 1 0 0 10.9600 8.7517 0.5000
33 1 0 0 10.9910 8.7517 0.5000
33 1 0 0 10.9380 8.7517 0.5000
32 1 0 0 9.5900 8.1038 0.5000
32 1 0 0 9.6210 8.1038 0.5000
32 1 0 0 9.6390 8.1038 0.5000
31 1 0 0 9.9840 7.9322 0.5000
31 1 0 0 10.0420 7.9322 0.5000
31 1 0 0 10.0290 7.9322 0.5000
30 1 0 0 10.8830 8.4118 0.5000
30 1 0 0 10.7730 8.4118 0.5000
30 1 0 0 10.9820 8.4118 0.5000
29 1 0 0 9.9130 8.3082 0.5000
29 1 0 0 9.9820 8.3082 0.5000
29 1 0 0 9.9080 8.3082 0.5000
28 1 0 0 9.7060 7.9034 0.5000
28 1 0 0 9.7520 7.9034 0.5000
28 1 0 0 9.7870 7.9034 0.5000
27 1 0 0 9.7030 8.2087 0.5000
27 1 0 0 9.7250 8.2087 0.5000
27 1 0 0 9.7770 8.2087 0.5000
26 1 0 0 9.9180 8.2018 0.5000
26 1 0 0 9.9640 8.2018 0.5000
26 1 0 0 9.9960 8.2018 0.5000
25 1 0 0 9.7100 8.4024 0.5000
25 1 0 0 9.6360 8.4024 0.5000
25 1 0 0 9.6640 8.4024 0.5000
24 1 0 0 10.1150 8.6556 0.5000
24 1 0 0 10.0820 8.6556 0.5000
24 1 0 0 10.1330 8.6556 0.5000
23 1 0 0 9.6160 8.2098 0.5000
23 1 0 0 9.6230 8.2098 0.5000
23 1 0 0 9.6370 8.2098 0.5000
22 1 0 0 9.9840 8.3342 0.5000
22 1 0 0 9.9650 8.3342 0.5000
22 1 0 0 9.9080 8.3342 0.5000
21 1 0 0 9.9130 8.2299 0.5000
21 1 0 0 9.9210 8.2299 0.5000
21 1 0 0 9.9840 8.2299 0.5000
20 1 0 0 9.7870 8.0363 0.5000
20 1 0 0 9.7940 8.0363 0.5000
20 1 0 0 10.1110 8.0363 0.5000
19 0 1 0 7.2500 8.8619 0.0000
19 0 1 0 7.9560 8.8619 0.0000
19 0 1 0 7.2300 8.8619 0.0000
18 1 0 0 9.9140 8.2617 0.5000
18 1 0 0 9.9160 8.2617 0.5000
18 1 0 0 9.9510 8.2617 0.5000
17 1 0 0 9.9110 8.0132 0.5000
17 1 0 0 9.9740 8.0132 0.5000
17 1 0 0 9.9300 8.0132 0.5000
16 1 0 0 10.0610 8.4080 0.5000
16 1 0 0 10.1750 8.4080 0.5000
16 1 0 0 10.0810 8.4080 0.5000
15 1 0 0 9.9610 8.1937 0.5000
15 1 0 0 10.0370 8.1937 0.5000
15 1 0 0 10.0070 8.1937 0.5000
14 1 0 0 9.8570 8.5018 0.5000
14 1 0 0 9.9120 8.5018 0.5000
14 1 0 0 9.9170 8.5018 0.5000
13 1 0 0 9.5700 8.8614 0.5000
13 1 0 0 6.8310 8.8614 0.5000
13 1 0 0 6.8280 8.8614 0.5000
12 1 0 0 7.6660 8.3184 0.5000
12 1 0 0 7.8240 8.3184 0.5000
12 1 0 0 7.5180 8.3184 0.5000
11 1 0 0 6.9720 8.2977 0.5000
11 1 0 0 6.9710 8.2977 0.5000
11 1 0 0 6.9410 8.2977 0.5000
10 1 0 0 6.9140 8.0201 0.5000
10 1 0 0 6.9230 8.0201 0.5000
10 1 0 0 6.9660 8.0201 0.5000
9 1 0 0 6.8350 8.3008 0.5000
9 1 0 0 6.8890 8.3008 0.5000
9 1 0 0 6.9100 8.3008 0.5000
8 1 0 0 7.0460 8.1098 0.5000
8 1 0 0 7.0650 8.1098 0.5000
8 1 0 0 7.0610 8.1098 0.5000
7 1 0 0 7.0370 8.6485 0.5000
7 1 0 0 6.9550 8.6485 0.5000
7 1 0 0 6.9620 8.6485 0.5000
6 1 0 0 7.0390 8.7320 0.5000
6 1 0 0 6.9580 8.7320 0.5000
6 1 0 0 7.0380 8.7320 0.5000
5 1 0 0 6.8680 8.3924 0.5000
5 1 0 0 6.8830 8.3924 0.5000
5 1 0 0 6.8410 8.3924 0.5000
4 1 0 0 8.1510 8.4641 0.5000
4 1 0 0 8.0910 8.4641 0.5000
4 1 0 0 8.2480 8.4641 0.5000
3 1 0 0 6.8560 8.4734 0.5000
3 1 0 0 6.8290 8.4734 0.5000
3 1 0 0 6.8350 8.4734 0.5000
2 1 0 0 6.8890 8.8156 0.5000
2 1 0 0 6.9070 8.8156 0.5000
2 1 0 0 6.8360 8.8156 0.5000
1 1 0 0 6.9760 8.7136 0.5000
1 1 0 0 7.0310 8.7136 0.5000
1 1 0 0 6.9810 8.7136 0.5000
