1 0.843241 34.5688 21.8 0 0 0 30 0 
1 0.839623 32.162 17.6 0 0 0 30 0 
1 1.69362 28.5256 14.4 0 0 0 30 0 
1 2.53329 28.9248 15 0 0 0 30 0 
1 3.36581 28.8765 14.8 0 0 0 30 0 
1 4.20408 30.9241 15.6 0 0 0 30 0 
1 5.04771 28.5742 14.4 0 0 0 30 0 
1 5.88673 28.9193 15.4 0 0 0 30 0 
1 0.842915 28.2705 14.2 0 0 0 30 0 
1 1.6809 29.0097 15.6 0 0 0 30 0 
1 2.528 29.0701 15 0 0 0 30 0 
1 3.40777 28.4518 14.4 0 0 0 30 0 
1 0.957732 45.4426 26 0 0 0 30 0 
1 1.91527 38.0798 20.8789 0 0 0 30 0 
1 2.86839 29.3694 15.6 0 0 0 30 0 
