-2.10573 -2.10575
-2.07622 -2.10364
-2.05407 -2.10866
-2.03728 -2.11903
-2.02319 -2.13217
-2.01286 -2.14933
-1.94392 -2.10317
-1.91901 -2.10372
-1.90038 -2.11091
-1.88382 -2.1203
-1.8715 -2.13445
-1.86404 -2.15426
-1.79474 -2.10186
-1.77154 -2.10243
-1.75256 -2.10779
-1.73763 -2.11792
-1.72573 -2.13175
-1.71492 -2.14702
-1.65968 -2.10602
-1.63332 -2.10075
-1.61415 -2.10441
-1.59645 -2.10983
-1.58374 -2.1218
-1.57137 -2.13426
-1.5626 -2.15175
-1.50763 -2.10493
-1.48411 -2.10104
-1.46535 -2.10361
-1.44935 -2.10999
-1.43622 -2.12053
-1.4237 -2.132
-1.41498 -2.14931
-1.3703 -2.11144
-1.34526 -2.10292
-1.32523 -2.10182
-1.30891 -2.10642
-1.29398 -2.11316
-1.28135 -2.12365
-1.27047 -2.13718
-1.26193 -2.15483
-1.21618 -2.10828
-1.19415 -2.1018
-1.17551 -2.10092
-1.15989 -2.10528
-1.14569 -2.11213
-1.1336 -2.12293
-1.12147 -2.13375
-1.1131 -2.15196
-1.07542 -2.11293
-1.05375 -2.10436
-1.03556 -2.10234
-1.01918 -2.10376
-1.00336 -2.10617
-0.990604 -2.11499
-0.978333 -2.12494
-0.967937 -2.13915
-0.960113 -2.15943
-0.921678 -2.11013
-0.901609 -2.10163
-0.884504 -2.09964
-0.869839 -2.10325
-0.855793 -2.10831
-0.841597 -2.11297
-0.83029 -2.12499
-0.818934 -2.13714
-0.810778 -2.15808
-0.779553 -2.11701
-0.759624 -2.10534
-0.74242 -2.10069
-0.726946 -2.10062
-0.712967 -2.10476
-0.698864 -2.10851
-0.686502 -2.11758
-0.67482 -2.12902
-0.665402 -2.14808
-0.644976 -2.13146
-0.623565 -2.11051
-0.606576 -2.10365
-0.591264 -2.1022
-0.575212 -2.09779
-0.561938 -2.10333
-0.548306 -2.10761
-0.536188 -2.1179
-0.52443 -2.13004
-0.514029 -2.14835
-0.495088 -2.13081
-0.476476 -2.11344
-0.460006 -2.10458
-0.444745 -2.10067
-0.430229 -2.09994
-0.416423 -2.10254
-0.403017 -2.10723
-0.390238 -2.11546
-0.378092 -2.1277
-0.366217 -2.14228
-0.351583 -2.14107
-0.334033 -2.12104
-0.317735 -2.10734
-0.303006 -2.10306
-0.288541 -2.10008
-0.274678 -2.10122
-0.260904 -2.103
-0.247658 -2.10929
-0.234858 -2.12016
-0.222297 -2.13452
-0.210725 -2.16077
-0.193584 -2.12939
-0.178127 -2.11285
-0.163666 -2.10613
-0.149601 -2.10353
-0.135564 -2.10063
-0.121748 -2.10069
-0.108268 -2.10711
-0.094665 -2.11244
-0.0811459 -2.12159
-0.0678038 -2.13989
-0.0540068 -2.14942
-0.0394671 -2.12543
-0.0253811 -2.11274
-0.0114819 -2.10339
0.00230157 -2.10118
0.016063 -2.09985
0.0298031 -2.09815
0.0437073 -2.1053
0.0577185 -2.1128
0.0720103 -2.12553
0.0870038 -2.15133
0.100466 -2.13719
0.113634 -2.12086
0.126988 -2.11103
0.140446 -2.10454
0.15395 -2.09967
0.167919 -2.10125
0.181941 -2.10304
0.196299 -2.10801
0.210895 -2.11455
0.226629 -2.13079
0.243497 -2.15499
0.254734 -2.12926
0.267259 -2.11627
0.280356 -2.1087
0.293656 -2.10314
0.307267 -2.10002
0.321219 -2.09924
0.335986 -2.10344
0.350862 -2.10779
0.366982 -2.1188
0.387002 -2.15048
0.399528 -2.13954
0.411111 -2.12431
0.423134 -2.11213
0.436234 -2.10577
0.449356 -2.09974
0.463883 -2.10025
0.478641 -2.10157
0.493572 -2.10336
0.510671 -2.11385
0.531336 -2.1379
0.547909 -2.14444
0.558158 -2.12635
0.57006 -2.11515
0.583191 -2.10876
0.596329 -2.10253
0.610939 -2.10148
0.625205 -2.09912
0.642096 -2.1053
0.659825 -2.11368
0.685944 -2.14776
0.698864 -2.13972
0.709252 -2.12426
0.720912 -2.11297
0.734058 -2.10623
0.748074 -2.10202
0.762728 -2.09952
0.779045 -2.10142
0.796378 -2.10573
0.81824 -2.12141
0.845216 -2.14929
0.854184 -2.13098
0.865123 -2.11796
0.877499 -2.10868
0.891336 -2.10296
0.906014 -2.09919
0.922381 -2.09919
0.941035 -2.1041
0.962783 -2.11541
0.995026 -2.14879
1.00357 -2.13052
1.0153 -2.11926
1.028 -2.11016
1.04237 -2.10451
1.05796 -2.10126
1.07405 -2.09885
1.09544 -2.1065
1.12284 -2.12504
1.14816 -2.1389
1.15871 -2.12502
1.17069 -2.11391
1.18439 -2.10595
1.20008 -2.10149
1.21584 -2.09706
1.23709 -2.10185
1.26545 -2.11814
1.29826 -2.14106
1.30775 -2.12518
1.32059 -2.11487
1.33362 -2.1049
1.35075 -2.10135
1.36893 -2.09925
1.39106 -2.10293
1.44351 -2.15144
1.45185 -2.13351
1.46289 -2.11973
1.47699 -2.11044
1.49331 -2.10427
1.51032 -2.09896
1.53179 -2.09962
1.56567 -2.11678
1.60143 -2.13571
1.61263 -2.12154
1.62711 -2.11171
1.6426 -2.10316
1.66039 -2.09746
1.68556 -2.10081
1.74561 -2.14667
1.75498 -2.12953
1.76802 -2.11693
1.7813 -2.10464
1.80115 -2.10003
1.82417 -2.09888
1.86075 -2.11283
1.90263 -2.13205
1.91455 -2.1173
1.92986 -2.10633
1.94923 -2.09967
1.97385 -2.09844
2.04639 -2.14718
2.05537 -2.1285
2.06762 -2.11329
2.08506 -2.10335
2.10753 -2.09833
2.1381 -2.10105
2.20181 -2.13547
2.21357 -2.1189
2.23021 -2.10699
2.25103 -2.09891
2.28367 -2.10153
2.35042 -2.13468
2.36313 -2.11813
2.38144 -2.10655
2.40372 -2.09834
2.43943 -2.1015
2.50485 -2.12942
2.5186 -2.11283
2.53903 -2.10177
2.56857 -2.098
2.65054 -2.13615
2.66233 -2.11702
2.6842 -2.10584
2.71019 -2.09769
2.79806 -2.13652
2.81338 -2.11917
2.83273 -2.10479
2.86158 -2.09726
2.95182 -2.1338
2.96622 -2.11475
2.98859 -2.10129
3.02564 -2.09784
3.10634 -2.12378
3.12665 -2.10774
3.15563 -2.09732
3.25206 -2.13082
3.26975 -2.1119
3.29762 -2.09941
3.24157 -2.03399
3.2427 -2.00519
3.2502 -1.98051
3.26989 -1.96323
3.29486 -1.94896
3.40233 -1.98255
3.42014 -1.96301
3.44741 -1.94873
3.5549 -1.97886
3.57405 -1.95895
3.55996 -1.921
3.54138 -1.88111
3.54245 -1.85201
3.55444 -1.82872
3.57289 -1.80869
3.60837 -1.79704
3.71371 -1.81922
3.73824 -1.80096
3.69613 -1.75092
3.69058 -1.71876
3.69534 -1.69159
3.71246 -1.67009
3.73748 -1.65198
4.48952 -1.94931
4.61248 -1.96687
4.65024 -1.94705
5.10144 -2.09678
5.22428 -2.10735
5.20131 -2.05855
5.19034 -2.01497
5.20216 -1.98042
5.2321 -1.95265
5.36708 -1.96305
5.36095 -1.92106
5.34044 -1.87431
5.34685 -1.83729
5.37328 -1.80709
4.90371 -1.61347
4.88971 -1.57342
4.89565 -1.54
4.91864 -1.51187
4.91382 -1.47522
4.89219 -1.43384
4.89426 -1.39967
4.91093 -1.36969
4.95155 -1.3461
4.17038 -0.731697
4.14502 -0.699276
4.13857 -0.670321
4.14362 -0.643298
4.16145 -0.618163
4.20467 -0.596443
4.32477 -0.584591
4.29547 -0.551988
4.28871 -0.522571
4.29322 -0.494587
4.31093 -0.468019
4.00571 -0.118176
3.9934 -0.0916216
3.98887 -0.0653641
3.99663 -0.0392925
4.01592 -0.0131603
3.87748 0.0127068
3.85049 0.0378559
3.84118 0.0629441
3.83911 0.088082
3.84857 0.11354
3.86892 0.139525
3.27673 0.312342
3.2541 0.33172
3.24566 0.352368
3.23801 0.373025
3.23981 0.394764
3.25102 0.417772
3.2743 0.442596
3.27584 0.464687
3.25436 0.483418
3.24228 0.503366
3.23884 0.524592
3.24187 0.546912
3.25116 0.570418
3.28813 0.599146
5.34334 1.00986
6.28949 1.36034
6.12475 1.36679
6.0924 1.40156
6.08916 1.4429
6.11939 1.49248
6.10509 1.53146
6.08892 1.56989
6.09484 1.61409
4.61702 1.51914
4.59475 1.54526
4.58769 1.57643
4.59584 1.61298
4.6351 1.66096
4.53017 1.65694
4.46914 1.66791
4.44729 1.69305
4.43871 1.72317
4.4435 1.75863
4.59218 1.85238
4.58714 1.88539
4.60538 1.92827
4.94201 2.10739
4.90581 2.13006
4.78043 2.11296
4.7498 2.13675
4.62175 2.11567
4.51807 2.10414
4.46819 2.11665
4.36906 2.10486
4.31952 2.11599
2.41541 1.20292
2.38459 1.20714
2.36748 1.21804
2.35555 1.23149
2.34643 1.24638
2.33927 1.2623
2.33699 1.28091
2.34279 1.30413
2.39755 1.35527
2.37482 1.36304
2.35858 1.37435
2.34938 1.38969
2.34105 1.40556
2.33493 1.42278
2.33898 1.44636
2.35837 1.4798
2.83634 1.80573
2.81506 1.81823
2.80031 1.83481
2.79047 1.85462
2.78763 1.87919
2.79335 1.90979
2.8288 1.96136
2.80824 1.97448
2.79638 1.99366
2.70233 1.95345
2.67597 1.96122
2.65929 1.97592
2.6463 1.99332
2.63701 2.01354
2.6377 2.04158
2.68641 2.10758
2.66557 2.1196
2.64951 2.13532
2.57623 2.10426
2.54067 2.10313
2.52058 2.11449
2.50517 2.1297
2.26489 1.95114
2.24117 1.95644
2.22053 1.96421
2.20565 1.97697
2.19465 1.9932
2.18801 2.0135
2.18707 2.03928
2.23139 2.1081
2.21455 2.11984
2.20012 2.13383
2.14985 2.1126
2.11106 2.10185
2.08763 2.10595
2.07053 2.11626
2.05437 2.12746
2.04293 2.14355
1.97793 2.10277
1.95013 2.10064
1.93186 2.1085
1.91592 2.11882
1.90203 2.13137
1.89227 2.14863
1.82785 2.1031
1.80317 2.10238
1.78317 2.10685
1.76787 2.11675
1.7544 2.12883
1.74346 2.14403
1.69139 2.10808
1.66463 2.10281
1.64385 2.10476
1.62612 2.11042
1.6117 2.12032
1.60039 2.13432
1.59165 2.15191
1.53712 2.10694
1.51247 2.10193
1.49316 2.10406
1.47624 2.10937
1.46263 2.11935
1.45162 2.13318
1.44214 2.1494
1.39587 2.11019
1.37147 2.10314
1.35204 2.10335
1.33533 2.10759
1.32039 2.11454
1.30683 2.12369
1.29626 2.13778
1.28919 2.15789
1.23924 2.1055
1.21861 2.10184
1.20063 2.10246
1.18398 2.10524
1.17001 2.11267
1.15707 2.12201
1.14717 2.13706
1.13875 2.15515
1.09678 2.10907
1.07539 2.10146
1.05687 2.09908
1.04198 2.10373
1.02706 2.10824
1.01542 2.11952
1.00298 2.12926
0.993009 2.14443
0.967463 2.12569
0.94272 2.10786
0.923882 2.10261
0.906384 2.10005
0.891534 2.10343
0.877718 2.1092
0.864906 2.11743
0.85265 2.12715
0.843409 2.14469
0.82212 2.13147
0.798438 2.11118
0.779866 2.10364
0.763401 2.10138
0.748216 2.10241
0.73436 2.1071
0.72052 2.11182
0.709081 2.12374
0.698227 2.13777
0.688581 2.15602
0.661353 2.11858
0.643846 2.11104
0.626065 2.10201
0.610186 2.09888
0.596344 2.10258
0.582587 2.10658
0.569717 2.11387
0.557372 2.12336
0.546555 2.13914
0.537585 2.16304
0.51211 2.1198
0.494723 2.10827
0.479244 2.10422
0.463707 2.09946
0.449618 2.10096
0.43615 2.10536
0.422557 2.10925
0.410501 2.12116
0.398287 2.13289
0.388461 2.15858
0.368412 2.12706
0.351433 2.11122
0.336052 2.10386
0.321307 2.09981
0.30716 2.09929
0.293684 2.10334
0.280302 2.1083
0.267114 2.11512
0.254499 2.1273
0.242656 2.14755
0.227713 2.14099
0.211435 2.11996
0.196444 2.10957
0.181939 2.10302
0.167875 2.1007
0.154175 2.10273
0.140214 2.10106
0.126775 2.10749
0.113418 2.11683
0.100227 2.1321
0.0875449 2.16471
0.0721962 2.13102
0.0578097 2.11614
0.0437383 2.1068
0.0298637 2.10242
0.0160583 2.09924
0.00229922 2.0991
-0.0114764 2.10237
-0.0253631 2.11123
-0.0393782 2.12064
-0.053728 2.13832
-0.0680759 2.14848
-0.0813434 2.12675
-0.0948312 2.11615
-0.108109 2.10401
-0.121719 2.10019
-0.135601 2.10121
-0.149379 2.10041
-0.163409 2.10283
-0.178074 2.11223
-0.192852 2.12133
-0.209805 2.15134
-0.222564 2.13708
-0.234958 2.12106
-0.247968 2.11193
-0.26139 2.10691
-0.27464 2.10093
-0.288373 2.09886
-0.3027 2.10093
-0.317588 2.10636
-0.332743 2.11285
-0.350352 2.13357
-0.367641 2.15061
-0.378304 2.12889
-0.390319 2.1159
-0.403408 2.10927
-0.416338 2.10211
-0.429783 2.09775
-0.444565 2.09982
-0.460036 2.10472
-0.47543 2.1088
-0.493107 2.12228
-0.515934 2.15632
-0.525617 2.13486
-0.53662 2.11961
-0.549314 2.11149
-0.561593 2.10204
-0.576222 2.10147
-0.590309 2.09881
-0.606133 2.10211
-0.622712 2.10762
-0.642332 2.12273
-0.666299 2.15097
-0.676316 2.13374
-0.686835 2.11861
-0.699272 2.10974
-0.713052 2.10501
-0.727004 2.10079
-0.741762 2.09882
-0.758015 2.10088
-0.776831 2.10962
-0.801351 2.13299
-0.820944 2.14238
-0.830767 2.12621
-0.842077 2.11417
-0.855434 2.10742
-0.868729 2.10056
-0.884035 2.09852
-0.900688 2.09949
-0.91994 2.10615
-0.943966 2.12312
-0.970014 2.14374
-0.979611 2.12771
-0.990566 2.11491
-1.00341 2.10627
-1.01798 2.10128
-1.03263 2.09639
-1.05172 2.10031
-1.07223 2.10666
-1.11551 2.15661
-1.12288 2.13643
-1.13368 2.12307
-1.14568 2.11211
-1.1596 2.10476
-1.1749 2.09983
-1.1915 2.09713
-1.2129 2.10259
-1.24211 2.12099
-1.27189 2.13955
-1.28197 2.12469
-1.29421 2.11354
-1.30753 2.10419
-1.32418 2.10015
-1.34225 2.09821
-1.3658 2.1045
-1.41688 2.1522
-1.42558 2.13482
-1.43647 2.12089
-1.44869 2.10902
-1.46461 2.10254
-1.48147 2.0973
-1.50358 2.09927
-1.5362 2.11539
-1.573 2.13646
-1.5836 2.1216
-1.59773 2.11152
-1.61364 2.10375
-1.63183 2.09883
-1.65493 2.1
-1.71719 2.14986
-1.7262 2.13233
-1.73768 2.11798
-1.751 2.10592
-1.76968 2.10022
-1.7919 2.09853
-1.82222 2.10593
-1.87341 2.13663
-1.88411 2.12063
-1.89826 2.10856
-1.91675 2.10124
-1.93851 2.09732
-1.97294 2.1067
-2.02545 2.13455
-2.0365 2.11822
-2.05175 2.10628
-2.07284 2.10021
-2.09767 2.09769
