293 1 0 0 12.7580 8.1166 0.5000
293 1 0 0 10.0430 8.1166 0.5000
292 1 0 0 10.6850 8.3615 0.5000
286 0 1 0 6.9270 8.9715 0.0000
286 1 0 0 11.3630 8.9715 0.5000
297 1 0 0 10.0660 8.5215 0.5000
296 1 0 0 8.4120 8.1588 0.5000
296 1 0 0 13.7370 8.1588 0.5000
296 1 0 0 8.3140 8.1588 0.5000
296 1 0 0 6.0980 8.1588 0.5000
293 1 0 0 9.5180 8.1166 0.5000
298 0 1 0 5.8310 8.1066 0.0000
298 0 1 0 5.4290 8.1066 0.0000
298 0 1 0 5.1820 8.1066 0.0000
298 0 1 0 5.3430 8.1066 0.0000
299 0 1 0 2.8790 7.8943 0.0000
298 0 1 0 5.3770 8.1066 0.0000
298 0 1 0 4.6420 8.1066 0.0000
298 0 1 0 5.2060 8.1066 0.0000
298 0 1 0 5.3440 8.1066 0.0000
294 0 1 0 5.1050 8.3546 0.0000
295 0 1 0 6.0560 8.0522 0.0000
295 0 1 0 5.1010 8.0522 0.0000
289 0 0 1 20.0830 8.6135 0.0000
289 1 0 0 14.4170 8.6135 0.5000
299 0 0 1 20.0130 7.8943 0.0000
288 0 1 0 11.0560 8.7374 0.0000
293 1 0 0 9.9340 8.1166 0.5000
294 0 0 1 20.0040 8.3546 0.0000
284 0 0 1 20.0170 7.9792 0.0000
284 0 0 1 20.0400 7.9792 0.0000
291 0 0 1 20.0050 8.4414 0.0000
291 1 0 0 7.9470 8.4414 0.5000
291 1 0 0 11.6050 8.4414 0.5000
291 1 0 0 8.0440 8.4414 0.5000
290 1 0 0 9.5850 8.2756 0.5000
289 0 0 1 20.0360 8.6135 0.0000
288 1 0 0 10.6020 8.7374 0.5000
299 1 0 0 10.6880 7.8943 0.5000
295 1 0 0 15.4580 8.0522 0.5000
295 1 0 0 15.5740 8.0522 0.5000
290 1 0 0 9.8060 8.2756 0.5000
290 1 0 0 9.4410 8.2756 0.5000
293 0 1 0 5.5350 8.1166 0.0000
