299 0 1 0 4.4470 7.8943 0.0000
299 0 1 0 4.9620 7.8943 0.0000
299 0 1 0 7.1170 7.8943 0.0000
298 0 1 0 4.3000 8.1066 0.0000
298 0 1 0 4.4150 8.1066 0.0000
298 0 1 0 4.2280 8.1066 0.0000
297 0 1 0 3.9270 8.5215 0.0000
297 0 1 0 3.9920 8.5215 0.0000
297 0 1 0 4.0210 8.5215 0.0000
296 1 0 0 6.0760 8.1588 0.5000
296 1 0 0 6.1390 8.1588 0.5000
296 1 0 0 6.0290 8.1588 0.5000
295 1 0 0 7.7770 8.0522 0.5000
295 1 0 0 7.5550 8.0522 0.5000
295 1 0 0 7.6690 8.0522 0.5000
294 1 0 0 6.8300 8.3546 0.5000
294 1 0 0 7.1550 8.3546 0.5000
294 1 0 0 6.7440 8.3546 0.5000
293 1 0 0 6.7690 8.1166 0.5000
293 1 0 0 7.1740 8.1166 0.5000
293 1 0 0 6.9660 8.1166 0.5000
292 0 1 0 6.0530 8.3615 0.0000
292 0 1 0 3.3800 8.3615 0.0000
292 1 0 0 7.9130 8.3615 0.5000
291 1 0 0 5.8350 8.4414 0.5000
291 1 0 0 5.9460 8.4414 0.5000
291 1 0 0 5.8440 8.4414 0.5000
290 0 1 0 4.9540 8.2756 0.0000
290 0 1 0 7.2180 8.2756 0.0000
290 0 1 0 4.9780 8.2756 0.0000
289 0 1 0 6.5200 8.6135 0.0000
289 0 1 0 4.3800 8.6135 0.0000
289 0 1 0 4.8210 8.6135 0.0000
288 0 1 0 4.6440 8.7374 0.0000
288 0 1 0 4.2860 8.7374 0.0000
288 0 1 0 4.1850 8.7374 0.0000
287 1 0 0 6.6220 8.8475 0.5000
287 0 1 0 3.5860 8.8475 0.0000
287 1 0 0 6.3420 8.8475 0.5000
286 1 0 0 6.1750 8.9715 0.5000
286 0 1 0 3.8190 8.9715 0.0000
286 1 0 0 6.2790 8.9715 0.5000
285 0 1 0 3.8380 8.0789 0.0000
285 0 1 0 4.0790 8.0789 0.0000
285 0 1 0 2.3990 8.0789 0.0000
284 0 1 0 6.2880 7.9792 0.0000
284 0 1 0 2.2300 7.9792 0.0000
284 0 1 0 2.2180 7.9792 0.0000
283 0 1 0 2.9690 8.3117 0.0000
283 0 1 0 2.5210 8.3117 0.0000
283 0 1 0 2.9500 8.3117 0.0000
282 0 1 0 5.6340 8.4952 0.0000
282 0 1 0 5.6140 8.4952 0.0000
282 0 1 0 5.5920 8.4952 0.0000
281 0 1 0 6.7000 8.7492 0.0000
281 0 1 0 5.7510 8.7492 0.0000
281 0 1 0 5.5450 8.7492 0.0000
280 0 1 0 4.0250 8.8536 0.0000
280 0 1 0 3.4110 8.8536 0.0000
280 0 1 0 3.5920 8.8536 0.0000
279 1 0 0 5.9490 8.8454 0.5000
279 1 0 0 5.9220 8.8454 0.5000
279 1 0 0 5.9990 8.8454 0.5000
278 0 1 0 3.0450 7.9938 0.0000
278 0 1 0 3.2280 7.9938 0.0000
278 0 1 0 3.2300 7.9938 0.0000
277 1 0 0 6.5100 7.8863 0.5000
277 0 1 0 4.4640 7.8863 0.0000
277 0 1 0 4.5340 7.8863 0.0000
276 0 1 0 3.6740 8.7216 0.0000
276 0 1 0 3.8140 8.7216 0.0000
276 0 1 0 6.9420 8.7216 0.0000
275 0 1 0 3.7080 7.8943 0.0000
275 0 1 0 4.8030 7.8943 0.0000
275 0 1 0 3.7330 7.8943 0.0000
274 1 0 0 5.7580 8.1381 0.5000
274 1 0 0 5.7460 8.1381 0.5000
274 1 0 0 5.6920 8.1381 0.5000
273 1 0 0 6.9240 8.2953 0.5000
273 1 0 0 6.9640 8.2953 0.5000
273 0 1 0 3.4990 8.2953 0.0000
272 0 1 0 2.1970 7.8076 0.0000
272 0 1 0 2.2180 7.8076 0.0000
272 1 0 0 6.2370 7.8076 0.5000
271 0 1 0 3.7980 8.1654 0.0000
271 0 1 0 4.1220 8.1654 0.0000
271 0 1 0 3.8020 8.1654 0.0000
270 0 1 0 2.7490 8.3528 0.0000
270 0 1 0 2.4170 8.3528 0.0000
270 0 1 0 2.5270 8.3528 0.0000
269 1 0 0 5.8090 8.3235 0.5000
269 1 0 0 5.8210 8.3235 0.5000
269 1 0 0 5.8240 8.3235 0.5000
268 1 0 0 5.9050 7.9633 0.5000
268 1 0 0 5.9300 7.9633 0.5000
268 1 0 0 5.9700 7.9633 0.5000
267 1 0 0 6.5030 7.8513 0.5000
267 1 0 0 6.2130 7.8513 0.5000
267 1 0 0 6.2680 7.8513 0.5000
266 0 1 0 5.7310 9.0261 0.0000
266 0 1 0 5.9060 9.0261 0.0000
266 0 1 0 2.9510 9.0261 0.0000
265 1 0 0 7.9100 8.6869 0.5000
265 1 0 0 7.1670 8.6869 0.5000
265 1 0 0 8.3180 8.6869 0.5000
264 0 1 0 5.0790 8.4668 0.0000
264 0 1 0 5.0900 8.4668 0.0000
264 0 1 0 4.8890 8.4668 0.0000
263 1 0 0 5.8290 8.0851 0.5000
263 1 0 0 5.8050 8.0851 0.5000
263 1 0 0 5.7920 8.0851 0.5000
262 1 0 0 6.6440 7.9944 0.5000
262 1 0 0 6.4670 7.9944 0.5000
262 1 0 0 6.2810 7.9944 0.5000
261 0 1 0 2.1860 7.7656 0.0000
261 0 1 0 2.2000 7.7656 0.0000
261 0 1 0 2.1870 7.7656 0.0000
260 1 0 0 7.0030 8.1527 0.5000
260 0 1 0 4.0320 8.1527 0.0000
260 0 1 0 4.2050 8.1527 0.0000
259 0 1 0 3.3830 7.9560 0.0000
259 0 1 0 3.2960 7.9560 0.0000
259 0 1 0 4.4490 7.9560 0.0000
258 1 0 0 5.9050 9.2138 0.5000
258 1 0 0 5.8690 9.2138 0.5000
258 1 0 0 5.8470 9.2138 0.5000
257 1 0 0 5.7310 8.5552 0.5000
257 1 0 0 5.7780 8.5552 0.5000
257 1 0 0 5.7400 8.5552 0.5000
256 1 0 0 5.8080 7.7935 0.5000
256 1 0 0 5.8290 7.7935 0.5000
256 1 0 0 5.8230 7.7935 0.5000
255 0 1 0 3.5610 8.2343 0.0000
255 1 0 0 7.9570 8.2343 0.5000
255 0 1 0 3.5830 8.2343 0.0000
254 0 1 0 3.4760 8.3322 0.0000
254 0 1 0 3.7220 8.3322 0.0000
254 0 1 0 3.6220 8.3322 0.0000
253 1 0 0 5.9140 7.7807 0.5000
253 1 0 0 5.8920 7.7807 0.5000
253 1 0 0 5.8150 7.7807 0.5000
252 1 0 0 5.6490 7.6412 0.5000
252 1 0 0 5.7270 7.6412 0.5000
252 1 0 0 5.7120 7.6412 0.5000
251 1 0 0 5.7010 7.8992 0.5000
251 1 0 0 5.7470 7.8992 0.5000
251 1 0 0 5.7370 7.8992 0.5000
250 1 0 0 6.1780 7.7533 0.5000
250 1 0 0 6.0910 7.7533 0.5000
250 1 0 0 6.2310 7.7533 0.5000
249 1 0 0 5.9660 8.1320 0.5000
249 1 0 0 5.9440 8.1320 0.5000
249 1 0 0 5.9630 8.1320 0.5000
248 1 0 0 5.8410 7.9923 0.5000
248 1 0 0 5.8630 7.9923 0.5000
248 1 0 0 5.8140 7.9923 0.5000
247 1 0 0 5.8130 8.3974 0.5000
247 1 0 0 5.7670 8.3974 0.5000
247 1 0 0 5.7770 8.3974 0.5000
246 1 0 0 6.8050 7.9229 0.5000
246 1 0 0 6.0520 7.9229 0.5000
246 1 0 0 6.0040 7.9229 0.5000
245 0 1 0 6.1070 8.0073 0.0000
245 1 0 0 8.7130 8.0073 0.5000
245 1 0 0 9.7920 8.0073 0.5000
244 0 1 0 1.9830 7.8886 0.0000
244 0 1 0 2.8620 7.8886 0.0000
244 0 1 0 2.1030 7.8886 0.0000
243 0 1 0 2.0100 9.3565 0.0000
243 0 1 0 2.0170 9.3565 0.0000
243 0 1 0 2.0010 9.3565 0.0000
242 1 0 0 5.9430 7.8569 0.5000
242 1 0 0 5.9620 7.8569 0.5000
242 1 0 0 5.9100 7.8569 0.5000
241 0 1 0 2.5510 8.1083 0.0000
241 0 1 0 2.4350 8.1083 0.0000
241 0 1 0 2.5700 8.1083 0.0000
240 1 0 0 5.9640 8.8293 0.5000
240 1 0 0 6.1480 8.8293 0.5000
240 1 0 0 6.1080 8.8293 0.5000
239 1 0 0 6.1630 9.1256 0.5000
239 1 0 0 6.1710 9.1256 0.5000
239 1 0 0 6.0730 9.1256 0.5000
238 0 1 0 2.7460 8.2790 0.0000
238 0 1 0 3.0510 8.2790 0.0000
238 0 1 0 2.7600 8.2790 0.0000
237 1 0 0 5.8870 8.1846 0.5000
237 1 0 0 5.8870 8.1846 0.5000
237 1 0 0 5.8490 8.1846 0.5000
236 0 1 0 2.5380 7.8991 0.0000
236 0 1 0 2.7870 7.8991 0.0000
236 0 1 0 2.2380 7.8991 0.0000
235 1 0 0 6.0690 8.0172 0.5000
235 1 0 0 5.9860 8.0172 0.5000
235 1 0 0 6.0090 8.0172 0.5000
234 1 0 0 6.0220 7.8729 0.5000
234 1 0 0 5.9510 7.8729 0.5000
234 1 0 0 5.9190 7.8729 0.5000
233 1 0 0 5.7230 8.2097 0.5000
233 1 0 0 5.7120 8.2097 0.5000
233 1 0 0 5.7470 8.2097 0.5000
232 1 0 0 6.4010 8.5412 0.5000
232 1 0 0 6.2820 8.5412 0.5000
232 1 0 0 6.2780 8.5412 0.5000
231 0 1 0 4.8280 8.3411 0.0000
231 0 1 0 4.9610 8.3411 0.0000
231 1 0 0 7.2710 8.3411 0.5000
230 1 0 0 5.8860 8.1117 0.5000
230 1 0 0 5.8850 8.1117 0.5000
230 1 0 0 5.9430 8.1117 0.5000
229 1 0 0 7.0360 7.7993 0.5000
229 0 1 0 3.4590 7.7993 0.0000
229 1 0 0 6.3230 7.7993 0.5000
228 0 1 0 4.8750 8.7277 0.0000
228 0 1 0 4.4460 8.7277 0.0000
228 0 1 0 4.3420 8.7277 0.0000
227 1 0 0 5.8070 7.8473 0.5000
227 1 0 0 5.7810 7.8473 0.5000
227 1 0 0 5.8130 7.8473 0.5000
226 1 0 0 5.8570 7.8942 0.5000
226 1 0 0 5.8360 7.8942 0.5000
226 1 0 0 5.8290 7.8942 0.5000
225 1 0 0 5.8500 7.8481 0.5000
225 1 0 0 5.7910 7.8481 0.5000
225 1 0 0 5.7590 7.8481 0.5000
224 0 1 0 3.2100 7.9252 0.0000
224 0 1 0 4.3970 7.9252 0.0000
224 0 1 0 3.1170 7.9252 0.0000
223 1 0 0 5.8890 7.8783 0.5000
223 1 0 0 5.8790 7.8783 0.5000
223 1 0 0 5.8500 7.8783 0.5000
222 0 1 0 4.7090 8.0216 0.0000
222 0 1 0 3.3070 8.0216 0.0000
222 0 1 0 2.4030 8.0216 0.0000
221 1 0 0 7.7370 8.6512 0.5000
221 1 0 0 7.1090 8.6512 0.5000
221 1 0 0 7.1350 8.6512 0.5000
220 0 1 0 2.7740 8.0888 0.0000
220 1 0 0 6.7210 8.0888 0.5000
220 1 0 0 6.0860 8.0888 0.5000
219 0 1 0 4.8220 8.5526 0.0000
219 0 1 0 4.8940 8.5526 0.0000
219 0 1 0 4.8640 8.5526 0.0000
218 1 0 0 5.6800 8.0828 0.5000
218 1 0 0 5.7480 8.0828 0.5000
218 1 0 0 5.6720 8.0828 0.5000
217 0 1 0 4.2320 8.0196 0.0000
217 1 0 0 7.6570 8.0196 0.5000
217 0 1 0 2.7450 8.0196 0.0000
216 1 0 0 6.5880 8.0817 0.5000
216 0 1 0 3.4990 8.0817 0.0000
216 1 0 0 6.7740 8.0817 0.5000
215 1 0 0 6.0670 8.0547 0.5000
215 1 0 0 6.1030 8.0547 0.5000
215 1 0 0 6.0990 8.0547 0.5000
214 0 1 0 3.0960 8.4522 0.0000
214 1 0 0 7.3100 8.4522 0.5000
214 1 0 0 7.4270 8.4522 0.5000
213 1 0 0 5.7870 7.7458 0.5000
213 1 0 0 5.7590 7.7458 0.5000
213 1 0 0 5.7790 7.7458 0.5000
212 1 0 0 5.7150 7.9827 0.5000
212 1 0 0 5.7430 7.9827 0.5000
212 1 0 0 5.7340 7.9827 0.5000
211 1 0 0 7.2280 7.7384 0.5000
211 0 1 0 4.0080 7.7384 0.0000
211 1 0 0 6.0270 7.7384 0.5000
210 0 1 0 2.3870 7.7725 0.0000
210 0 1 0 3.7700 7.7725 0.0000
210 0 1 0 3.3220 7.7725 0.0000
209 1 0 0 5.8480 8.2509 0.5000
209 1 0 0 6.2680 8.2509 0.5000
209 1 0 0 5.8380 8.2509 0.5000
208 0 1 0 3.5920 8.3808 0.0000
208 0 1 0 3.6190 8.3808 0.0000
208 0 1 0 3.8130 8.3808 0.0000
207 0 1 0 5.3250 7.9796 0.0000
207 0 1 0 4.2770 7.9796 0.0000
207 0 1 0 6.2380 7.9796 0.0000
206 1 0 0 6.0940 8.2363 0.5000
206 1 0 0 5.9400 8.2363 0.5000
206 1 0 0 6.7750 8.2363 0.5000
205 1 0 0 5.8400 8.0101 0.5000
205 1 0 0 5.8290 8.0101 0.5000
205 1 0 0 5.8580 8.0101 0.5000
204 0 1 0 3.3880 9.3316 0.0000
204 0 1 0 3.4890 9.3316 0.0000
204 0 1 0 3.3540 9.3316 0.0000
203 1 0 0 6.6520 8.1183 0.5000
203 0 1 0 4.1190 8.1183 0.0000
203 0 1 0 4.1190 8.1183 0.0000
202 1 0 0 5.7740 7.7193 0.5000
202 1 0 0 5.7220 7.7193 0.5000
202 1 0 0 5.7040 7.7193 0.5000
201 1 0 0 5.9350 9.1857 0.5000
201 1 0 0 5.9320 9.1857 0.5000
201 1 0 0 5.9320 9.1857 0.5000
200 1 0 0 5.7240 7.8225 0.5000
200 1 0 0 5.7420 7.8225 0.5000
200 1 0 0 5.7010 7.8225 0.5000
199 1 0 0 7.5660 8.4647 0.5000
199 1 0 0 7.5190 8.4647 0.5000
199 1 0 0 7.4740 8.4647 0.5000
198 1 0 0 5.7710 8.1335 0.5000
198 1 0 0 5.7700 8.1335 0.5000
198 1 0 0 5.7740 8.1335 0.5000
197 0 1 0 5.6180 7.9041 0.0000
197 0 1 0 5.7540 7.9041 0.0000
197 0 1 0 3.5860 7.9041 0.0000
196 1 0 0 5.6890 7.8055 0.5000
196 1 0 0 5.6860 7.8055 0.5000
196 1 0 0 5.7980 7.8055 0.5000
195 1 0 0 6.8960 7.9816 0.5000
195 1 0 0 6.9310 7.9816 0.5000
195 1 0 0 7.0040 7.9816 0.5000
194 1 0 0 6.4420 7.9141 0.5000
194 0 1 0 3.6820 7.9141 0.0000
194 0 1 0 4.6040 7.9141 0.0000
193 0 1 0 4.6120 7.8801 0.0000
193 0 1 0 4.4810 7.8801 0.0000
193 0 1 0 4.8060 7.8801 0.0000
192 0 1 0 6.4010 8.0540 0.0000
192 1 0 0 6.3670 8.0540 0.5000
192 1 0 0 6.4220 8.0540 0.5000
191 1 0 0 8.4950 8.5544 0.5000
191 1 0 0 7.6010 8.5544 0.5000
191 1 0 0 8.0950 8.5544 0.5000
190 0 1 0 4.2030 7.9549 0.0000
190 0 1 0 4.2430 7.9549 0.0000
190 0 1 0 4.1150 7.9549 0.0000
189 1 0 0 5.8240 7.8867 0.5000
189 1 0 0 5.8370 7.8867 0.5000
189 1 0 0 5.8160 7.8867 0.5000
188 0 1 0 3.8440 8.0758 0.0000
188 0 1 0 3.6560 8.0758 0.0000
188 0 1 0 4.1540 8.0758 0.0000
187 1 0 0 5.8400 7.9598 0.5000
187 1 0 0 5.9800 7.9598 0.5000
187 1 0 0 5.7830 7.9598 0.5000
186 1 0 0 6.2770 8.3575 0.5000
186 0 1 0 5.3870 8.3575 0.0000
186 1 0 0 6.6400 8.3575 0.5000
185 1 0 0 6.1920 8.0579 0.5000
185 1 0 0 6.1920 8.0579 0.5000
185 1 0 0 6.1960 8.0579 0.5000
184 1 0 0 6.3050 8.5925 0.5000
184 1 0 0 6.7190 8.5925 0.5000
184 1 0 0 6.3340 8.5925 0.5000
183 1 0 0 6.1330 7.9435 0.5000
183 1 0 0 6.0870 7.9435 0.5000
183 1 0 0 6.1580 7.9435 0.5000
182 1 0 0 6.5160 7.8242 0.5000
182 1 0 0 6.4980 7.8242 0.5000
182 1 0 0 6.4060 7.8242 0.5000
181 0 1 0 3.0650 8.5661 0.0000
181 0 1 0 3.1990 8.5661 0.0000
181 0 1 0 2.9790 8.5661 0.0000
180 1 0 0 6.9030 8.1770 0.5000
180 1 0 0 6.6660 8.1770 0.5000
180 1 0 0 6.6300 8.1770 0.5000
179 1 0 0 6.1280 7.9033 0.5000
179 1 0 0 6.2470 7.9033 0.5000
179 1 0 0 6.0810 7.9033 0.5000
178 1 0 0 5.9160 7.9380 0.5000
178 1 0 0 5.8440 7.9380 0.5000
178 1 0 0 5.8550 7.9380 0.5000
177 1 0 0 5.8510 9.1208 0.5000
177 1 0 0 6.0060 9.1208 0.5000
177 1 0 0 5.8150 9.1208 0.5000
176 0 1 0 3.8940 7.9041 0.0000
176 0 1 0 4.0230 7.9041 0.0000
176 0 1 0 3.8320 7.9041 0.0000
175 1 0 0 6.3730 8.1769 0.5000
175 0 1 0 4.8260 8.1769 0.0000
175 1 0 0 6.4360 8.1769 0.5000
174 1 0 0 5.8600 7.8371 0.5000
174 1 0 0 5.8640 7.8371 0.5000
174 1 0 0 5.7970 7.8371 0.5000
173 1 0 0 5.8310 7.7193 0.5000
173 1 0 0 5.7700 7.7193 0.5000
173 1 0 0 5.8070 7.7193 0.5000
172 1 0 0 5.8330 7.8436 0.5000
172 1 0 0 5.8610 7.8436 0.5000
172 1 0 0 5.8440 7.8436 0.5000
171 1 0 0 6.1380 8.1017 0.5000
171 1 0 0 6.1770 8.1017 0.5000
171 1 0 0 6.3000 8.1017 0.5000
170 1 0 0 5.7180 8.5370 0.5000
170 1 0 0 5.7140 8.5370 0.5000
170 1 0 0 5.7150 8.5370 0.5000
169 1 0 0 5.7110 7.9483 0.5000
169 1 0 0 5.7410 7.9483 0.5000
169 1 0 0 5.7420 7.9483 0.5000
168 0 1 0 3.6490 8.2366 0.0000
168 0 1 0 3.5290 8.2366 0.0000
168 0 1 0 3.5530 8.2366 0.0000
167 0 1 0 2.8490 8.5229 0.0000
167 0 1 0 3.1190 8.5229 0.0000
167 1 0 0 7.9030 8.5229 0.5000
166 1 0 0 5.9590 7.6616 0.5000
166 0 1 0 2.7660 7.6616 0.0000
166 1 0 0 5.9070 7.6616 0.5000
165 0 1 0 2.7980 7.8863 0.0000
165 0 1 0 2.4950 7.8863 0.0000
165 0 1 0 2.5180 7.8863 0.0000
164 1 0 0 5.7450 8.6209 0.5000
164 1 0 0 5.7450 8.6209 0.5000
164 1 0 0 5.7470 8.6209 0.5000
163 0 1 0 4.3560 8.2331 0.0000
163 0 1 0 4.3960 8.2331 0.0000
163 0 1 0 4.4190 8.2331 0.0000
162 1 0 0 5.8450 7.9140 0.5000
162 1 0 0 5.8300 7.9140 0.5000
162 1 0 0 5.8120 7.9140 0.5000
161 1 0 0 5.7990 7.9445 0.5000
161 1 0 0 5.8310 7.9445 0.5000
161 1 0 0 5.7900 7.9445 0.5000
160 1 0 0 5.6960 8.1290 0.5000
160 1 0 0 5.7060 8.1290 0.5000
160 1 0 0 5.6880 8.1290 0.5000
159 1 0 0 5.7260 8.1268 0.5000
159 1 0 0 5.7270 8.1268 0.5000
159 1 0 0 5.7080 8.1268 0.5000
158 1 0 0 5.9410 7.8738 0.5000
158 1 0 0 5.9110 7.8738 0.5000
158 1 0 0 5.9620 7.8738 0.5000
157 1 0 0 5.8980 8.7112 0.5000
157 1 0 0 5.9060 8.7112 0.5000
157 1 0 0 5.8830 8.7112 0.5000
156 1 0 0 5.7470 7.6779 0.5000
156 1 0 0 5.7480 7.6779 0.5000
156 1 0 0 5.7250 7.6779 0.5000
155 1 0 0 5.7470 7.8592 0.5000
155 1 0 0 5.7460 7.8592 0.5000
155 1 0 0 5.7450 7.8592 0.5000
154 1 0 0 5.8180 7.8169 0.5000
154 1 0 0 5.8060 7.8169 0.5000
154 1 0 0 5.8930 7.8169 0.5000
153 1 0 0 5.7740 8.3175 0.5000
153 1 0 0 6.2000 8.3175 0.5000
153 1 0 0 5.7770 8.3175 0.5000
152 1 0 0 6.5140 8.1617 0.5000
152 0 1 0 3.0400 8.1617 0.0000
152 0 1 0 3.2790 8.1617 0.0000
151 1 0 0 5.9050 7.9335 0.5000
151 1 0 0 5.9190 7.9335 0.5000
151 1 0 0 5.8530 7.9335 0.5000
150 1 0 0 6.9500 7.9223 0.5000
150 0 1 0 2.8300 7.9223 0.0000
150 0 1 0 3.4780 7.9223 0.0000
149 1 0 0 5.8360 8.5702 0.5000
149 1 0 0 5.8880 8.5702 0.5000
149 1 0 0 5.8940 8.5702 0.5000
148 1 0 0 5.7760 7.9772 0.5000
148 1 0 0 5.7790 7.9772 0.5000
148 1 0 0 5.7750 7.9772 0.5000
147 1 0 0 5.7450 8.0566 0.5000
147 1 0 0 5.6460 8.0566 0.5000
147 1 0 0 5.6380 8.0566 0.5000
146 0 1 0 4.0590 8.2562 0.0000
146 0 1 0 3.6670 8.2562 0.0000
146 1 0 0 6.4760 8.2562 0.5000
145 1 0 0 5.6670 7.9406 0.5000
145 1 0 0 5.6930 7.9406 0.5000
145 1 0 0 5.7230 7.9406 0.5000
144 1 0 0 5.8640 7.9683 0.5000
144 1 0 0 5.8650 7.9683 0.5000
144 1 0 0 5.8920 7.9683 0.5000
143 1 0 0 6.5720 8.1052 0.5000
143 1 0 0 6.6000 8.1052 0.5000
143 0 1 0 4.0420 8.1052 0.0000
142 1 0 0 5.8000 8.0336 0.5000
142 1 0 0 8.7850 8.0336 0.5000
142 1 0 0 8.5460 8.0336 0.5000
141 1 0 0 5.6990 8.0581 0.5000
141 1 0 0 5.6890 8.0581 0.5000
141 1 0 0 5.7130 8.0581 0.5000
140 1 0 0 6.8870 7.8845 0.5000
140 0 1 0 4.1400 7.8845 0.0000
140 1 0 0 7.3220 7.8845 0.5000
139 1 0 0 5.7270 7.6318 0.5000
139 1 0 0 5.6480 7.6318 0.5000
139 1 0 0 5.6340 7.6318 0.5000
138 0 1 0 6.9050 9.0486 0.0000
138 0 1 0 4.3440 9.0486 0.0000
138 0 1 0 5.0910 9.0486 0.0000
137 0 1 0 2.6070 7.9894 0.0000
137 1 0 0 7.4350 7.9894 0.5000
137 0 1 0 2.5950 7.9894 0.0000
136 1 0 0 5.7900 7.9794 0.5000
136 1 0 0 5.7980 7.9794 0.5000
136 1 0 0 5.8290 7.9794 0.5000
135 0 1 0 3.1270 7.8433 0.0000
135 1 0 0 6.7170 7.8433 0.5000
135 0 1 0 3.0150 7.8433 0.0000
134 1 0 0 5.8520 7.8535 0.5000
134 1 0 0 5.8070 7.8535 0.5000
134 1 0 0 5.7900 7.8535 0.5000
133 1 0 0 5.7340 7.8878 0.5000
133 1 0 0 5.7960 7.8878 0.5000
133 1 0 0 5.7940 7.8878 0.5000
132 0 1 0 2.8780 7.8821 0.0000
132 1 0 0 6.8230 7.8821 0.5000
132 1 0 0 7.2680 7.8821 0.5000
131 1 0 0 5.7530 8.9195 0.5000
131 1 0 0 5.7170 8.9195 0.5000
131 1 0 0 5.8180 8.9195 0.5000
130 1 0 0 5.7440 8.0658 0.5000
130 1 0 0 5.7320 8.0658 0.5000
130 1 0 0 5.7260 8.0658 0.5000
129 0 1 0 3.1510 8.2893 0.0000
129 0 1 0 3.5310 8.2893 0.0000
129 1 0 0 7.7650 8.2893 0.5000
128 1 0 0 5.7400 7.9857 0.5000
128 1 0 0 5.7110 7.9857 0.5000
128 1 0 0 5.7320 7.9857 0.5000
127 0 1 0 4.0030 8.1692 0.0000
127 0 1 0 4.0050 8.1692 0.0000
127 0 1 0 4.1150 8.1692 0.0000
126 0 1 0 3.9000 7.9794 0.0000
126 0 1 0 4.1110 7.9794 0.0000
126 0 1 0 4.1150 7.9794 0.0000
125 1 0 0 5.7470 7.9724 0.5000
125 1 0 0 5.7110 7.9724 0.5000
125 1 0 0 5.7160 7.9724 0.5000
124 1 0 0 6.3300 8.8665 0.5000
124 1 0 0 6.2580 8.8665 0.5000
124 0 1 0 5.1030 8.8665 0.0000
123 0 1 0 6.6780 8.1178 0.0000
123 1 0 0 9.4070 8.1178 0.5000
123 0 1 0 5.8390 8.1178 0.0000
122 1 0 0 6.4880 8.1767 0.5000
122 1 0 0 6.1380 8.1767 0.5000
122 1 0 0 6.1420 8.1767 0.5000
121 0 1 0 3.1780 8.2653 0.0000
121 0 1 0 3.1620 8.2653 0.0000
121 0 1 0 3.2850 8.2653 0.0000
120 0 1 0 3.7640 8.1746 0.0000
120 0 1 0 3.7580 8.1746 0.0000
120 0 1 0 3.7220 8.1746 0.0000
119 1 0 0 6.3060 8.5615 0.5000
119 1 0 0 6.3460 8.5615 0.5000
119 1 0 0 6.4410 8.5615 0.5000
118 0 1 0 6.9230 8.1824 0.0000
118 0 1 0 6.5840 8.1824 0.0000
118 0 1 0 6.7240 8.1824 0.0000
117 0 1 0 4.8360 8.4771 0.0000
117 0 1 0 5.7430 8.4771 0.0000
117 0 1 0 5.8820 8.4771 0.0000
116 1 0 0 5.7630 7.7156 0.5000
116 1 0 0 5.7640 7.7156 0.5000
116 1 0 0 5.7220 7.7156 0.5000
115 1 0 0 5.7870 7.9910 0.5000
115 1 0 0 5.8700 7.9910 0.5000
115 1 0 0 5.8260 7.9910 0.5000
114 0 1 0 5.5740 8.7138 0.0000
114 0 1 0 5.2880 8.7138 0.0000
114 0 1 0 5.3740 8.7138 0.0000
113 1 0 0 6.0590 8.1481 0.5000
113 1 0 0 6.2040 8.1481 0.5000
113 1 0 0 6.0870 8.1481 0.5000
112 1 0 0 5.8800 8.4223 0.5000
112 1 0 0 5.9030 8.4223 0.5000
112 1 0 0 5.8830 8.4223 0.5000
111 0 1 0 8.1470 9.1523 0.0000
111 0 1 0 7.6220 9.1523 0.0000
111 0 1 0 2.8250 9.1523 0.0000
110 1 0 0 5.8450 8.2940 0.5000
110 1 0 0 5.8580 8.2940 0.5000
110 1 0 0 5.8700 8.2940 0.5000
109 1 0 0 5.7830 8.1010 0.5000
109 1 0 0 5.7610 8.1010 0.5000
109 1 0 0 5.6930 8.1010 0.5000
108 1 0 0 5.7570 7.8203 0.5000
108 1 0 0 5.7190 7.8203 0.5000
108 1 0 0 5.7130 7.8203 0.5000
107 1 0 0 5.9380 8.4351 0.5000
107 1 0 0 6.0280 8.4351 0.5000
107 1 0 0 5.9350 8.4351 0.5000
106 1 0 0 7.5870 8.0814 0.5000
106 1 0 0 7.7860 8.0814 0.5000
106 0 1 0 5.0590 8.0814 0.0000
105 0 1 0 4.9470 8.0305 0.0000
105 0 1 0 4.6480 8.0305 0.0000
105 0 1 0 4.7390 8.0305 0.0000
104 0 1 0 3.5830 8.0377 0.0000
104 0 1 0 3.7550 8.0377 0.0000
104 0 1 0 3.5760 8.0377 0.0000
103 0 1 0 3.3180 8.0334 0.0000
103 0 1 0 3.1350 8.0334 0.0000
103 0 1 0 3.1070 8.0334 0.0000
102 1 0 0 6.1580 7.7503 0.5000
102 1 0 0 6.3650 7.7503 0.5000
102 1 0 0 6.2880 7.7503 0.5000
101 1 0 0 5.7320 7.5407 0.5000
101 1 0 0 5.6840 7.5407 0.5000
101 1 0 0 5.7120 7.5407 0.5000
100 1 0 0 5.9670 7.8551 0.5000
100 1 0 0 5.9610 7.8551 0.5000
100 1 0 0 6.0210 7.8551 0.5000
99 0 1 0 3.9140 8.1238 0.0000
99 0 1 0 4.1530 8.1238 0.0000
99 0 1 0 4.3560 8.1238 0.0000
98 1 0 0 5.6870 7.8888 0.5000
98 1 0 0 5.7050 7.8888 0.5000
98 1 0 0 5.7620 7.8888 0.5000
97 1 0 0 5.7240 7.7844 0.5000
97 1 0 0 5.8430 7.7844 0.5000
97 1 0 0 5.8300 7.7844 0.5000
96 1 0 0 5.7450 8.0041 0.5000
96 1 0 0 5.7610 8.0041 0.5000
96 1 0 0 5.7500 8.0041 0.5000
95 1 0 0 5.6640 7.7005 0.5000
95 1 0 0 5.7070 7.7005 0.5000
95 1 0 0 5.6850 7.7005 0.5000
94 1 0 0 5.7040 7.5209 0.5000
94 1 0 0 5.6390 7.5209 0.5000
94 1 0 0 5.7140 7.5209 0.5000
93 1 0 0 5.7120 7.7830 0.5000
93 1 0 0 5.6300 7.7830 0.5000
93 1 0 0 5.6390 7.7830 0.5000
92 1 0 0 5.7030 7.6940 0.5000
92 1 0 0 5.6490 7.6940 0.5000
92 1 0 0 5.6600 7.6940 0.5000
91 0 1 0 4.3340 8.1617 0.0000
91 0 1 0 4.5390 8.1617 0.0000
91 0 1 0 4.5660 8.1617 0.0000
90 1 0 0 5.7260 7.9466 0.5000
90 1 0 0 5.7240 7.9466 0.5000
90 1 0 0 5.7260 7.9466 0.5000
89 1 0 0 5.7450 8.0393 0.5000
89 1 0 0 5.7410 8.0393 0.5000
89 1 0 0 5.7040 8.0393 0.5000
88 1 0 0 5.7760 7.7476 0.5000
88 1 0 0 5.7320 7.7476 0.5000
88 1 0 0 5.7410 7.7476 0.5000
87 1 0 0 5.7390 7.9960 0.5000
87 1 0 0 5.7220 7.9960 0.5000
87 1 0 0 5.7220 7.9960 0.5000
86 1 0 0 5.8510 7.9096 0.5000
86 1 0 0 5.9030 7.9096 0.5000
86 1 0 0 5.8550 7.9096 0.5000
85 0 1 0 4.4640 7.9264 0.0000
85 0 1 0 4.7240 7.9264 0.0000
85 0 1 0 4.6550 7.9264 0.0000
84 1 0 0 5.7260 7.8991 0.5000
84 1 0 0 5.6740 7.8991 0.5000
84 1 0 0 5.6520 7.8991 0.5000
83 1 0 0 5.8590 8.8306 0.5000
83 1 0 0 5.8200 8.8306 0.5000
83 1 0 0 5.8460 8.8306 0.5000
82 1 0 0 5.8270 9.1396 0.5000
82 1 0 0 5.8250 9.1396 0.5000
82 1 0 0 5.8590 9.1396 0.5000
81 1 0 0 5.7630 7.7123 0.5000
81 1 0 0 5.7460 7.7123 0.5000
81 1 0 0 5.7500 7.7123 0.5000
80 0 1 0 2.4510 8.0481 0.0000
80 0 1 0 3.5910 8.0481 0.0000
80 0 1 0 3.6870 8.0481 0.0000
79 1 0 0 5.6570 7.8461 0.5000
79 1 0 0 5.7310 7.8461 0.5000
79 1 0 0 5.6990 7.8461 0.5000
78 1 0 0 6.0360 9.0217 0.5000
78 1 0 0 5.9430 9.0217 0.5000
78 0 1 0 4.1940 9.0217 0.0000
77 1 0 0 5.7260 7.8372 0.5000
77 1 0 0 5.7340 7.8372 0.5000
77 1 0 0 5.7530 7.8372 0.5000
76 1 0 0 5.8310 7.8180 0.5000
76 1 0 0 5.8700 7.8180 0.5000
76 1 0 0 5.8470 7.8180 0.5000
75 1 0 0 5.6350 7.8305 0.5000
75 1 0 0 5.6490 7.8305 0.5000
75 1 0 0 5.6490 7.8305 0.5000
74 1 0 0 5.7130 8.5940 0.5000
74 1 0 0 5.7050 8.5940 0.5000
74 1 0 0 5.7460 8.5940 0.5000
73 1 0 0 5.7980 8.2208 0.5000
73 1 0 0 5.8150 8.2208 0.5000
73 1 0 0 5.7500 8.2208 0.5000
72 1 0 0 5.6310 7.7543 0.5000
72 1 0 0 5.6430 7.7543 0.5000
72 1 0 0 5.6480 7.7543 0.5000
71 1 0 0 5.7020 7.8322 0.5000
71 1 0 0 5.7290 7.8322 0.5000
71 1 0 0 5.7220 7.8322 0.5000
70 0 1 0 4.3790 7.9155 0.0000
70 0 1 0 4.7360 7.9155 0.0000
70 0 1 0 4.4730 7.9155 0.0000
69 1 0 0 5.8360 8.1977 0.5000
69 1 0 0 5.8060 8.1977 0.5000
69 1 0 0 5.8010 8.1977 0.5000
68 1 0 0 5.7610 8.2917 0.5000
68 1 0 0 5.7570 8.2917 0.5000
68 1 0 0 5.7380 8.2917 0.5000
67 1 0 0 5.7240 7.6937 0.5000
67 1 0 0 5.6200 7.6937 0.5000
67 1 0 0 5.6940 7.6937 0.5000
66 1 0 0 7.1870 7.8316 0.5000
66 0 1 0 2.2340 7.8316 0.0000
66 0 1 0 2.1310 7.8316 0.0000
65 1 0 0 5.6630 8.4451 0.5000
65 1 0 0 5.6950 8.4451 0.5000
65 1 0 0 5.7510 8.4451 0.5000
64 1 0 0 5.9650 7.9270 0.5000
64 1 0 0 5.9580 7.9270 0.5000
64 1 0 0 6.0420 7.9270 0.5000
63 1 0 0 5.7500 7.7779 0.5000
63 1 0 0 5.8150 7.7779 0.5000
63 1 0 0 5.8340 7.7779 0.5000
62 0 1 0 4.3430 8.3808 0.0000
62 0 1 0 4.3300 8.3808 0.0000
62 0 1 0 3.3930 8.3808 0.0000
61 1 0 0 5.6270 7.9289 0.5000
61 1 0 0 5.6360 7.9289 0.5000
61 1 0 0 5.7090 7.9289 0.5000
60 1 0 0 5.7260 7.9057 0.5000
60 1 0 0 5.7040 7.9057 0.5000
60 1 0 0 5.7330 7.9057 0.5000
59 1 0 0 5.9780 8.1423 0.5000
59 1 0 0 6.1460 8.1423 0.5000
59 1 0 0 6.0250 8.1423 0.5000
58 0 1 0 3.5090 8.9805 0.0000
58 0 1 0 3.2830 8.9805 0.0000
58 0 1 0 3.5000 8.9805 0.0000
57 1 0 0 5.8210 7.8134 0.5000
57 1 0 0 5.8500 7.8134 0.5000
57 1 0 0 5.8300 7.8134 0.5000
56 1 0 0 5.8320 7.7156 0.5000
56 1 0 0 5.8210 7.7156 0.5000
56 1 0 0 5.8510 7.7156 0.5000
55 1 0 0 5.8940 8.5876 0.5000
55 1 0 0 6.0410 8.5876 0.5000
55 1 0 0 5.8090 8.5876 0.5000
54 1 0 0 5.7330 7.9491 0.5000
54 1 0 0 5.7120 7.9491 0.5000
54 1 0 0 5.7420 7.9491 0.5000
53 1 0 0 5.7300 7.8473 0.5000
53 1 0 0 5.7250 7.8473 0.5000
53 1 0 0 5.8150 7.8473 0.5000
52 1 0 0 5.7990 7.8009 0.5000
52 1 0 0 5.8500 7.8009 0.5000
52 1 0 0 5.7410 7.8009 0.5000
51 1 0 0 5.7330 7.9923 0.5000
51 1 0 0 5.7390 7.9923 0.5000
51 1 0 0 5.7850 7.9923 0.5000
50 1 0 0 5.8000 8.6067 0.5000
50 1 0 0 5.7750 8.6067 0.5000
50 1 0 0 5.7290 8.6067 0.5000
49 1 0 0 5.9690 8.3051 0.5000
49 1 0 0 5.9610 8.3051 0.5000
49 1 0 0 5.9430 8.3051 0.5000
48 1 0 0 6.2670 8.1198 0.5000
48 1 0 0 6.3860 8.1198 0.5000
48 1 0 0 6.3200 8.1198 0.5000
47 1 0 0 5.8190 7.8125 0.5000
47 1 0 0 5.7030 7.8125 0.5000
47 1 0 0 5.7200 7.8125 0.5000
46 1 0 0 5.7490 7.7710 0.5000
46 1 0 0 5.7240 7.7710 0.5000
46 1 0 0 5.7290 7.7710 0.5000
45 0 1 0 4.9940 8.4464 0.0000
45 0 1 0 4.8180 8.4464 0.0000
45 0 1 0 4.8170 8.4464 0.0000
44 1 0 0 5.8290 8.4001 0.5000
44 1 0 0 5.8170 8.4001 0.5000
44 1 0 0 5.8360 8.4001 0.5000
43 0 1 0 2.3750 8.0669 0.0000
43 1 0 0 5.9180 8.0669 0.5000
43 1 0 0 5.8610 8.0669 0.5000
42 1 0 0 5.7060 8.0423 0.5000
42 1 0 0 5.6770 8.0423 0.5000
42 1 0 0 5.6290 8.0423 0.5000
41 1 0 0 5.6550 7.8746 0.5000
41 1 0 0 5.6310 7.8746 0.5000
41 1 0 0 5.6250 7.8746 0.5000
40 1 0 0 5.7090 7.8574 0.5000
40 1 0 0 5.6970 7.8574 0.5000
40 1 0 0 5.7160 7.8574 0.5000
39 1 0 0 5.6380 8.0287 0.5000
39 1 0 0 5.6490 8.0287 0.5000
39 1 0 0 5.7190 8.0287 0.5000
38 1 0 0 5.8490 8.3833 0.5000
38 1 0 0 5.7510 8.3833 0.5000
38 1 0 0 5.7810 8.3833 0.5000
37 1 0 0 5.8980 8.1582 0.5000
37 1 0 0 5.9700 8.1582 0.5000
37 1 0 0 5.8900 8.1582 0.5000
36 1 0 0 5.7040 7.7655 0.5000
36 1 0 0 5.6610 7.7655 0.5000
36 1 0 0 5.6620 7.7655 0.5000
35 1 0 0 5.6720 7.9484 0.5000
35 1 0 0 5.6610 7.9484 0.5000
35 1 0 0 5.6480 7.9484 0.5000
34 1 0 0 5.7160 7.9460 0.5000
34 1 0 0 5.7470 7.9460 0.5000
34 1 0 0 5.7390 7.9460 0.5000
33 0 1 0 5.0980 8.7517 0.0000
33 0 1 0 4.8890 8.7517 0.0000
33 0 1 0 5.0690 8.7517 0.0000
32 1 0 0 5.6690 8.1038 0.5000
32 1 0 0 5.7250 8.1038 0.5000
32 1 0 0 5.7140 8.1038 0.5000
31 1 0 0 5.8050 7.9322 0.5000
31 1 0 0 5.7240 7.9322 0.5000
31 1 0 0 5.8110 7.9322 0.5000
30 0 1 0 4.9550 8.4118 0.0000
30 0 1 0 4.7940 8.4118 0.0000
30 0 1 0 4.7170 8.4118 0.0000
29 1 0 0 5.7380 8.3082 0.5000
29 1 0 0 5.7280 8.3082 0.5000
29 1 0 0 5.7940 8.3082 0.5000
28 1 0 0 5.7490 7.9034 0.5000
28 1 0 0 5.7250 7.9034 0.5000
28 1 0 0 5.7430 7.9034 0.5000
27 1 0 0 5.7180 8.2087 0.5000
27 1 0 0 5.7020 8.2087 0.5000
27 1 0 0 5.7120 8.2087 0.5000
26 1 0 0 5.6940 8.2018 0.5000
26 1 0 0 5.7270 8.2018 0.5000
26 1 0 0 5.7260 8.2018 0.5000
25 1 0 0 5.7280 8.4024 0.5000
25 1 0 0 5.6990 8.4024 0.5000
25 1 0 0 5.7110 8.4024 0.5000
24 1 0 0 6.0050 8.6556 0.5000
24 1 0 0 5.9860 8.6556 0.5000
24 1 0 0 6.0630 8.6556 0.5000
23 1 0 0 5.7670 8.2098 0.5000
23 1 0 0 5.7670 8.2098 0.5000
23 1 0 0 5.7670 8.2098 0.5000
22 1 0 0 5.7720 8.3342 0.5000
22 1 0 0 5.7200 8.3342 0.5000
22 1 0 0 5.7970 8.3342 0.5000
21 1 0 0 5.7620 8.2299 0.5000
21 1 0 0 5.7300 8.2299 0.5000
21 1 0 0 5.7280 8.2299 0.5000
20 1 0 0 5.7370 8.0363 0.5000
20 1 0 0 5.7650 8.0363 0.5000
20 1 0 0 5.7200 8.0363 0.5000
19 0 1 0 6.2090 8.8619 0.0000
19 0 1 0 6.2680 8.8619 0.0000
19 0 1 0 5.9770 8.8619 0.0000
18 1 0 0 5.7200 8.2617 0.5000
18 1 0 0 5.7090 8.2617 0.5000
18 1 0 0 5.8000 8.2617 0.5000
17 1 0 0 5.9420 8.0132 0.5000
17 1 0 0 6.0170 8.0132 0.5000
17 1 0 0 6.3370 8.0132 0.5000
16 1 0 0 6.0910 8.4080 0.5000
16 1 0 0 6.0460 8.4080 0.5000
16 1 0 0 6.0620 8.4080 0.5000
15 1 0 0 6.2510 8.1937 0.5000
15 1 0 0 6.1630 8.1937 0.5000
15 1 0 0 6.0320 8.1937 0.5000
14 1 0 0 5.9600 8.5018 0.5000
14 1 0 0 5.8400 8.5018 0.5000
14 1 0 0 6.1620 8.5018 0.5000
13 1 0 0 5.6860 8.8614 0.5000
13 1 0 0 5.6490 8.8614 0.5000
13 1 0 0 5.6480 8.8614 0.5000
12 1 0 0 6.3410 8.3184 0.5000
12 1 0 0 7.3020 8.3184 0.5000
12 1 0 0 6.3370 8.3184 0.5000
11 1 0 0 5.7180 8.2977 0.5000
11 1 0 0 5.6540 8.2977 0.5000
11 1 0 0 5.7650 8.2977 0.5000
10 1 0 0 5.7180 8.0201 0.5000
10 1 0 0 5.7380 8.0201 0.5000
10 1 0 0 5.6580 8.0201 0.5000
9 1 0 0 5.7130 8.3008 0.5000
9 1 0 0 5.7040 8.3008 0.5000
9 1 0 0 5.7180 8.3008 0.5000
8 1 0 0 5.8200 8.1098 0.5000
8 1 0 0 5.8350 8.1098 0.5000
8 1 0 0 5.8360 8.1098 0.5000
7 1 0 0 5.8220 8.6485 0.5000
7 1 0 0 5.7440 8.6485 0.5000
7 1 0 0 5.7530 8.6485 0.5000
6 1 0 0 5.7120 8.7320 0.5000
6 1 0 0 5.7040 8.7320 0.5000
6 1 0 0 5.6990 8.7320 0.5000
5 1 0 0 5.6510 8.3924 0.5000
5 1 0 0 5.6290 8.3924 0.5000
5 1 0 0 5.6190 8.3924 0.5000
4 0 1 0 2.1030 8.4641 0.0000
4 0 1 0 2.2130 8.4641 0.0000
4 0 1 0 2.1400 8.4641 0.0000
3 1 0 0 5.6610 8.4734 0.5000
3 1 0 0 5.7090 8.4734 0.5000
3 1 0 0 5.7160 8.4734 0.5000
2 1 0 0 5.7190 8.8156 0.5000
2 1 0 0 5.7040 8.8156 0.5000
2 1 0 0 5.6720 8.8156 0.5000
1 1 0 0 5.7530 8.7136 0.5000
1 1 0 0 5.8300 8.7136 0.5000
1 1 0 0 5.7270 8.7136 0.5000
