299 0 1 0 4.2390 7.8943 0.0000
299 1 0 0 7.0420 7.8943 0.5000
299 1 0 0 6.9300 7.8943 0.5000
298 0 1 0 4.2200 8.1066 0.0000
298 0 1 0 4.2300 8.1066 0.0000
298 0 1 0 4.0330 8.1066 0.0000
297 0 1 0 3.9820 8.5215 0.0000
297 0 1 0 3.9490 8.5215 0.0000
297 0 1 0 4.1260 8.5215 0.0000
296 1 0 0 6.1510 8.1588 0.5000
296 1 0 0 6.1330 8.1588 0.5000
296 1 0 0 6.2890 8.1588 0.5000
295 1 0 0 7.4760 8.0522 0.5000
295 1 0 0 7.3570 8.0522 0.5000
295 0 1 0 3.5120 8.0522 0.0000
294 1 0 0 7.2230 8.3546 0.5000
294 1 0 0 6.7440 8.3546 0.5000
294 1 0 0 6.8950 8.3546 0.5000
293 0 1 0 4.6450 8.1166 0.0000
293 0 1 0 3.7850 8.1166 0.0000
293 1 0 0 7.8980 8.1166 0.5000
292 0 1 0 2.3130 8.3615 0.0000
292 0 1 0 2.4600 8.3615 0.0000
292 0 1 0 2.3120 8.3615 0.0000
291 1 0 0 5.7400 8.4414 0.5000
291 1 0 0 5.7500 8.4414 0.5000
291 1 0 0 5.7370 8.4414 0.5000
290 1 0 0 8.3330 8.2756 0.5000
290 0 1 0 2.6600 8.2756 0.0000
290 0 1 0 4.0270 8.2756 0.0000
289 0 1 0 4.2280 8.6135 0.0000
289 0 1 0 4.3590 8.6135 0.0000
289 0 1 0 4.0440 8.6135 0.0000
288 0 1 0 4.3070 8.7374 0.0000
288 0 1 0 4.2900 8.7374 0.0000
288 0 1 0 4.2050 8.7374 0.0000
287 1 0 0 6.0170 8.8475 0.5000
287 1 0 0 6.4180 8.8475 0.5000
287 1 0 0 6.1820 8.8475 0.5000
286 0 1 0 3.9980 8.9715 0.0000
286 0 1 0 4.0370 8.9715 0.0000
286 0 1 0 3.9070 8.9715 0.0000
285 0 1 0 2.6990 8.0789 0.0000
285 0 1 0 2.4180 8.0789 0.0000
285 0 1 0 3.0560 8.0789 0.0000
284 0 1 0 2.3660 7.9792 0.0000
284 0 1 0 2.2560 7.9792 0.0000
284 0 1 0 3.9330 7.9792 0.0000
283 0 1 0 5.3990 8.3117 0.0000
283 0 1 0 2.7460 8.3117 0.0000
283 0 1 0 3.6750 8.3117 0.0000
282 0 1 0 5.8450 8.4952 0.0000
282 0 1 0 3.0120 8.4952 0.0000
282 0 1 0 5.8660 8.4952 0.0000
281 0 1 0 5.5940 8.7492 0.0000
281 0 1 0 5.6400 8.7492 0.0000
281 0 1 0 6.3170 8.7492 0.0000
280 0 1 0 3.2790 8.8536 0.0000
280 0 1 0 3.9270 8.8536 0.0000
280 0 1 0 3.6800 8.8536 0.0000
279 1 0 0 6.1830 8.8454 0.5000
279 1 0 0 6.0840 8.8454 0.5000
279 0 1 0 1.8230 8.8454 0.0000
278 0 1 0 3.1340 7.9938 0.0000
278 0 1 0 3.0040 7.9938 0.0000
278 0 1 0 1.8780 7.9938 0.0000
277 0 1 0 4.4460 7.8863 0.0000
277 1 0 0 6.0870 7.8863 0.5000
277 0 1 0 4.4470 7.8863 0.0000
276 0 1 0 3.6700 8.7216 0.0000
276 0 1 0 3.5840 8.7216 0.0000
276 0 1 0 3.8860 8.7216 0.0000
275 0 1 0 3.9200 7.8943 0.0000
275 0 1 0 4.1670 7.8943 0.0000
275 0 1 0 4.5650 7.8943 0.0000
274 1 0 0 5.6630 8.1381 0.5000
274 1 0 0 5.6190 8.1381 0.5000
274 1 0 0 5.6060 8.1381 0.5000
273 0 1 0 1.2780 8.2953 0.0000
273 0 1 0 1.2780 8.2953 0.0000
273 1 0 0 6.8180 8.2953 0.5000
272 0 1 0 2.2050 7.8076 0.0000
272 0 1 0 1.8810 7.8076 0.0000
272 0 1 0 2.2090 7.8076 0.0000
271 0 1 0 3.8000 8.1654 0.0000
271 0 1 0 3.8090 8.1654 0.0000
271 0 1 0 3.8410 8.1654 0.0000
270 0 1 0 1.6670 8.3528 0.0000
270 0 1 0 4.5280 8.3528 0.0000
270 0 1 0 2.9040 8.3528 0.0000
269 1 0 0 5.6670 8.3235 0.5000
269 1 0 0 5.6720 8.3235 0.5000
269 1 0 0 5.7250 8.3235 0.5000
268 1 0 0 5.7370 7.9633 0.5000
268 1 0 0 5.8440 7.9633 0.5000
268 1 0 0 5.6900 7.9633 0.5000
267 1 0 0 6.3040 7.8513 0.5000
267 1 0 0 6.2430 7.8513 0.5000
267 1 0 0 6.2010 7.8513 0.5000
266 1 0 0 6.2510 9.0261 0.5000
266 1 0 0 6.2500 9.0261 0.5000
266 0 1 0 4.9330 9.0261 0.0000
265 1 0 0 6.9720 8.6869 0.5000
265 1 0 0 7.1660 8.6869 0.5000
265 0 1 0 4.3210 8.6869 0.0000
264 0 1 0 4.9070 8.4668 0.0000
264 0 1 0 4.8290 8.4668 0.0000
264 0 1 0 4.8100 8.4668 0.0000
263 1 0 0 5.6160 8.0851 0.5000
263 1 0 0 5.9460 8.0851 0.5000
263 0 1 0 1.9850 8.0851 0.0000
262 0 1 0 3.8820 7.9944 0.0000
262 0 1 0 3.4910 7.9944 0.0000
262 1 0 0 6.9870 7.9944 0.5000
261 0 1 0 2.2100 7.7656 0.0000
261 0 1 0 2.1920 7.7656 0.0000
261 1 0 0 5.8160 7.7656 0.5000
260 0 1 0 1.1460 8.1527 0.0000
260 0 1 0 2.1010 8.1527 0.0000
260 0 1 0 1.2400 8.1527 0.0000
259 0 1 0 2.2540 7.9560 0.0000
259 0 1 0 2.2210 7.9560 0.0000
259 0 1 0 2.8880 7.9560 0.0000
258 1 0 0 5.7350 9.2138 0.5000
258 1 0 0 5.7380 9.2138 0.5000
258 1 0 0 5.7600 9.2138 0.5000
257 1 0 0 5.5850 8.5552 0.5000
257 1 0 0 5.6270 8.5552 0.5000
257 1 0 0 5.5950 8.5552 0.5000
256 0 1 0 3.5040 7.7935 0.0000
256 1 0 0 5.8350 7.7935 0.5000
256 1 0 0 5.9230 7.7935 0.5000
255 0 1 0 3.6890 8.2343 0.0000
255 1 0 0 7.8300 8.2343 0.5000
255 1 0 0 7.2640 8.2343 0.5000
254 0 1 0 3.6050 8.3322 0.0000
254 0 1 0 3.5020 8.3322 0.0000
254 0 1 0 3.6220 8.3322 0.0000
253 1 0 0 5.7010 7.7807 0.5000
253 1 0 0 5.6310 7.7807 0.5000
253 1 0 0 5.6200 7.7807 0.5000
252 1 0 0 5.6300 7.6412 0.5000
252 1 0 0 5.5470 7.6412 0.5000
252 1 0 0 5.5520 7.6412 0.5000
251 1 0 0 5.5670 7.8992 0.5000
251 1 0 0 5.5490 7.8992 0.5000
251 1 0 0 5.6230 7.8992 0.5000
250 0 1 0 3.1630 7.7533 0.0000
250 1 0 0 5.7940 7.7533 0.5000
250 1 0 0 5.9430 7.7533 0.5000
249 1 0 0 5.8250 8.1320 0.5000
249 1 0 0 5.7840 8.1320 0.5000
249 1 0 0 5.8180 8.1320 0.5000
248 1 0 0 5.7570 7.9923 0.5000
248 1 0 0 5.7230 7.9923 0.5000
248 1 0 0 5.6720 7.9923 0.5000
247 1 0 0 5.6670 8.3974 0.5000
247 1 0 0 5.6790 8.3974 0.5000
247 1 0 0 5.6140 8.3974 0.5000
246 0 1 0 4.0880 7.9229 0.0000
246 1 0 0 6.0790 7.9229 0.5000
246 1 0 0 5.9720 7.9229 0.5000
245 0 1 0 4.9910 8.0073 0.0000
245 0 1 0 4.8770 8.0073 0.0000
245 0 1 0 5.0260 8.0073 0.0000
244 0 1 0 1.8950 7.8886 0.0000
244 1 0 0 6.3180 7.8886 0.5000
244 0 1 0 1.9090 7.8886 0.0000
243 0 1 0 1.8320 9.3565 0.0000
243 0 1 0 2.0330 9.3565 0.0000
243 0 1 0 1.9020 9.3565 0.0000
242 1 0 0 5.8310 7.8569 0.5000
242 1 0 0 5.7570 7.8569 0.5000
242 1 0 0 5.8070 7.8569 0.5000
241 0 1 0 2.4370 8.1083 0.0000
241 0 1 0 2.3360 8.1083 0.0000
241 0 1 0 2.3420 8.1083 0.0000
240 1 0 0 5.7910 8.8293 0.5000
240 1 0 0 5.8300 8.8293 0.5000
240 1 0 0 5.9260 8.8293 0.5000
239 1 0 0 6.0390 9.1256 0.5000
239 1 0 0 5.9600 9.1256 0.5000
239 1 0 0 6.0090 9.1256 0.5000
238 1 0 0 6.8260 8.2790 0.5000
238 0 1 0 2.6720 8.2790 0.0000
238 0 1 0 2.7870 8.2790 0.0000
237 1 0 0 5.6890 8.1846 0.5000
237 1 0 0 5.6710 8.1846 0.5000
237 1 0 0 5.6540 8.1846 0.5000
236 0 1 0 2.1240 7.8991 0.0000
236 0 1 0 2.1150 7.8991 0.0000
236 0 1 0 2.1340 7.8991 0.0000
235 0 1 0 3.1410 8.0172 0.0000
235 1 0 0 5.9870 8.0172 0.5000
235 1 0 0 5.9470 8.0172 0.5000
234 1 0 0 5.7470 7.8729 0.5000
234 1 0 0 6.4880 7.8729 0.5000
234 1 0 0 5.7290 7.8729 0.5000
233 1 0 0 5.6310 8.2097 0.5000
233 1 0 0 5.6030 8.2097 0.5000
233 1 0 0 5.6400 8.2097 0.5000
232 0 1 0 2.9590 8.5412 0.0000
232 1 0 0 6.1480 8.5412 0.5000
232 1 0 0 6.1470 8.5412 0.5000
231 0 1 0 4.8040 8.3411 0.0000
231 0 1 0 5.1040 8.3411 0.0000
231 0 1 0 4.9660 8.3411 0.0000
230 1 0 0 5.7270 8.1117 0.5000
230 1 0 0 5.8090 8.1117 0.5000
230 1 0 0 5.7210 8.1117 0.5000
229 0 1 0 2.8040 7.7993 0.0000
229 0 1 0 3.1480 7.7993 0.0000
229 0 1 0 1.7640 7.7993 0.0000
228 0 1 0 4.4270 8.7277 0.0000
228 0 1 0 4.2290 8.7277 0.0000
228 0 1 0 3.7340 8.7277 0.0000
227 1 0 0 5.7190 7.8473 0.5000
227 1 0 0 5.7440 7.8473 0.5000
227 1 0 0 5.6970 7.8473 0.5000
226 1 0 0 5.7030 7.8942 0.5000
226 1 0 0 5.7270 7.8942 0.5000
226 1 0 0 5.7320 7.8942 0.5000
225 1 0 0 5.6580 7.8481 0.5000
225 1 0 0 5.6970 7.8481 0.5000
225 1 0 0 5.6520 7.8481 0.5000
224 0 1 0 4.2620 7.9252 0.0000
224 0 1 0 4.2430 7.9252 0.0000
224 0 1 0 4.2570 7.9252 0.0000
223 1 0 0 5.7860 7.8783 0.5000
223 1 0 0 5.8090 7.8783 0.5000
223 1 0 0 5.7140 7.8783 0.5000
222 0 1 0 3.9730 8.0216 0.0000
222 0 1 0 3.8650 8.0216 0.0000
222 0 1 0 4.0110 8.0216 0.0000
221 0 1 0 2.7360 8.6512 0.0000
221 0 1 0 3.1590 8.6512 0.0000
221 0 1 0 2.5600 8.6512 0.0000
220 0 1 0 3.8070 8.0888 0.0000
220 0 1 0 2.8520 8.0888 0.0000
220 0 1 0 4.1750 8.0888 0.0000
219 0 1 0 4.3690 8.5526 0.0000
219 0 1 0 4.3830 8.5526 0.0000
219 0 1 0 5.2920 8.5526 0.0000
218 1 0 0 5.6240 8.0828 0.5000
218 1 0 0 5.6170 8.0828 0.5000
218 1 0 0 5.5540 8.0828 0.5000
217 0 1 0 3.2890 8.0196 0.0000
217 0 1 0 2.8820 8.0196 0.0000
217 0 1 0 3.1030 8.0196 0.0000
216 1 0 0 5.7670 8.0817 0.5000
216 1 0 0 6.1750 8.0817 0.5000
216 1 0 0 6.1260 8.0817 0.5000
215 1 0 0 5.8980 8.0547 0.5000
215 1 0 0 5.9000 8.0547 0.5000
215 1 0 0 6.0730 8.0547 0.5000
214 0 1 0 3.0230 8.4522 0.0000
214 0 1 0 3.1720 8.4522 0.0000
214 0 1 0 2.9860 8.4522 0.0000
213 1 0 0 5.6510 7.7458 0.5000
213 1 0 0 5.6670 7.7458 0.5000
213 1 0 0 5.6670 7.7458 0.5000
212 1 0 0 5.6210 7.9827 0.5000
212 1 0 0 5.6290 7.9827 0.5000
212 1 0 0 5.6110 7.9827 0.5000
211 1 0 0 5.6170 7.7384 0.5000
211 1 0 0 6.2360 7.7384 0.5000
211 1 0 0 5.6020 7.7384 0.5000
210 0 1 0 2.3020 7.7725 0.0000
210 0 1 0 3.1700 7.7725 0.0000
210 0 1 0 2.2990 7.7725 0.0000
209 1 0 0 5.7220 8.2509 0.5000
209 1 0 0 5.7100 8.2509 0.5000
209 1 0 0 5.6310 8.2509 0.5000
208 0 1 0 4.2390 8.3808 0.0000
208 0 1 0 3.8090 8.3808 0.0000
208 0 1 0 3.7260 8.3808 0.0000
207 0 1 0 4.0840 7.9796 0.0000
207 0 1 0 4.3850 7.9796 0.0000
207 0 1 0 3.1440 7.9796 0.0000
206 1 0 0 5.8410 8.2363 0.5000
206 0 1 0 2.2140 8.2363 0.0000
206 0 1 0 1.7700 8.2363 0.0000
205 1 0 0 5.6860 8.0101 0.5000
205 1 0 0 5.6800 8.0101 0.5000
205 1 0 0 5.7080 8.0101 0.5000
204 0 1 0 3.3680 9.3316 0.0000
204 0 1 0 3.3790 9.3316 0.0000
204 0 1 0 3.2740 9.3316 0.0000
203 1 0 0 6.4960 8.1183 0.5000
203 1 0 0 6.3910 8.1183 0.5000
203 1 0 0 6.4670 8.1183 0.5000
202 1 0 0 5.6190 7.7193 0.5000
202 1 0 0 5.6150 7.7193 0.5000
202 1 0 0 5.7030 7.7193 0.5000
201 1 0 0 5.8220 9.1857 0.5000
201 1 0 0 5.8450 9.1857 0.5000
201 1 0 0 5.8130 9.1857 0.5000
200 1 0 0 5.5990 7.8225 0.5000
200 1 0 0 5.6130 7.8225 0.5000
200 1 0 0 5.6030 7.8225 0.5000
199 0 1 0 3.3250 8.4647 0.0000
199 0 1 0 3.1180 8.4647 0.0000
199 0 1 0 2.2230 8.4647 0.0000
198 1 0 0 5.7230 8.1335 0.5000
198 1 0 0 5.6440 8.1335 0.5000
198 1 0 0 5.6540 8.1335 0.5000
197 0 1 0 2.7270 7.9041 0.0000
197 0 1 0 2.6980 7.9041 0.0000
197 0 1 0 5.5130 7.9041 0.0000
196 1 0 0 5.6180 7.8055 0.5000
196 1 0 0 5.6210 7.8055 0.5000
196 1 0 0 5.5940 7.8055 0.5000
195 0 1 0 2.3500 7.9816 0.0000
195 0 1 0 2.7510 7.9816 0.0000
195 0 1 0 1.9100 7.9816 0.0000
194 0 1 0 4.2360 7.9141 0.0000
194 1 0 0 6.5790 7.9141 0.5000
194 1 0 0 6.5890 7.9141 0.5000
193 0 1 0 4.3650 7.8801 0.0000
193 0 1 0 4.4700 7.8801 0.0000
193 0 1 0 4.3920 7.8801 0.0000
192 0 1 0 1.9660 8.0540 0.0000
192 0 1 0 2.3910 8.0540 0.0000
192 0 1 0 1.8860 8.0540 0.0000
191 0 1 0 3.6670 8.5544 0.0000
191 0 1 0 3.7650 8.5544 0.0000
191 0 1 0 3.8350 8.5544 0.0000
190 0 1 0 4.0370 7.9549 0.0000
190 0 1 0 4.0290 7.9549 0.0000
190 0 1 0 4.2110 7.9549 0.0000
189 1 0 0 5.6570 7.8867 0.5000
189 1 0 0 5.7010 7.8867 0.5000
189 1 0 0 5.6200 7.8867 0.5000
188 0 1 0 3.3190 8.0758 0.0000
188 0 1 0 3.2130 8.0758 0.0000
188 0 1 0 3.2250 8.0758 0.0000
187 0 1 0 3.8030 7.9598 0.0000
187 0 1 0 4.3320 7.9598 0.0000
187 0 1 0 4.6400 7.9598 0.0000
186 0 1 0 4.1300 8.3575 0.0000
186 0 1 0 3.3030 8.3575 0.0000
186 0 1 0 3.1010 8.3575 0.0000
185 1 0 0 6.0750 8.0579 0.5000
185 0 1 0 2.2280 8.0579 0.0000
185 1 0 0 6.0720 8.0579 0.5000
184 0 1 0 4.7370 8.5925 0.0000
184 0 1 0 3.4080 8.5925 0.0000
184 1 0 0 6.7990 8.5925 0.5000
183 1 0 0 6.1920 7.9435 0.5000
183 0 1 0 3.9040 7.9435 0.0000
183 1 0 0 6.2430 7.9435 0.5000
182 0 1 0 4.6500 7.8242 0.0000
182 0 1 0 4.8800 7.8242 0.0000
182 0 1 0 4.6870 7.8242 0.0000
181 0 1 0 2.9290 8.5661 0.0000
181 0 1 0 3.3090 8.5661 0.0000
181 0 1 0 2.7520 8.5661 0.0000
180 0 1 0 3.6180 8.1770 0.0000
180 1 0 0 6.4370 8.1770 0.5000
180 0 1 0 3.7560 8.1770 0.0000
179 0 1 0 3.5700 7.9033 0.0000
179 0 1 0 3.6930 7.9033 0.0000
179 0 1 0 3.8900 7.9033 0.0000
178 1 0 0 6.0340 7.9380 0.5000
178 1 0 0 5.9670 7.9380 0.5000
178 1 0 0 6.0670 7.9380 0.5000
177 1 0 0 5.7230 9.1208 0.5000
177 1 0 0 5.6300 9.1208 0.5000
177 1 0 0 5.7210 9.1208 0.5000
176 0 1 0 3.7200 7.9041 0.0000
176 0 1 0 3.7130 7.9041 0.0000
176 0 1 0 3.7230 7.9041 0.0000
175 1 0 0 6.5610 8.1769 0.5000
175 0 1 0 4.1090 8.1769 0.0000
175 0 1 0 3.5810 8.1769 0.0000
174 1 0 0 5.7330 7.8371 0.5000
174 1 0 0 5.6590 7.8371 0.5000
174 1 0 0 5.6470 7.8371 0.5000
173 1 0 0 5.7180 7.7193 0.5000
173 0 1 0 3.3700 7.7193 0.0000
173 1 0 0 6.0050 7.7193 0.5000
172 1 0 0 5.8030 7.8436 0.5000
172 1 0 0 5.7550 7.8436 0.5000
172 1 0 0 5.7560 7.8436 0.5000
171 1 0 0 6.4860 8.1017 0.5000
171 1 0 0 6.5850 8.1017 0.5000
171 1 0 0 6.4030 8.1017 0.5000
170 1 0 0 5.6060 8.5370 0.5000
170 1 0 0 5.6180 8.5370 0.5000
170 1 0 0 5.6360 8.5370 0.5000
169 1 0 0 5.6210 7.9483 0.5000
169 1 0 0 5.6400 7.9483 0.5000
169 1 0 0 5.6030 7.9483 0.5000
168 0 1 0 3.4480 8.2366 0.0000
168 0 1 0 3.3700 8.2366 0.0000
168 0 1 0 3.4910 8.2366 0.0000
167 0 1 0 4.1610 8.5229 0.0000
167 0 1 0 3.9590 8.5229 0.0000
167 0 1 0 3.7630 8.5229 0.0000
166 1 0 0 5.7360 7.6616 0.5000
166 0 1 0 1.7900 7.6616 0.0000
166 0 1 0 2.5610 7.6616 0.0000
165 0 1 0 2.6150 7.8863 0.0000
165 0 1 0 2.8190 7.8863 0.0000
165 0 1 0 2.8080 7.8863 0.0000
164 1 0 0 5.8290 8.6209 0.5000
164 1 0 0 5.7320 8.6209 0.5000
164 1 0 0 5.8100 8.6209 0.5000
163 0 1 0 4.2940 8.2331 0.0000
163 0 1 0 4.5020 8.2331 0.0000
163 0 1 0 4.5270 8.2331 0.0000
162 1 0 0 5.6640 7.9140 0.5000
162 1 0 0 5.6380 7.9140 0.5000
162 0 1 0 3.5920 7.9140 0.0000
161 1 0 0 5.6900 7.9445 0.5000
161 1 0 0 5.6190 7.9445 0.5000
161 1 0 0 5.6260 7.9445 0.5000
160 1 0 0 5.6420 8.1290 0.5000
160 1 0 0 5.5680 8.1290 0.5000
160 1 0 0 5.6630 8.1290 0.5000
159 1 0 0 5.6390 8.1268 0.5000
159 1 0 0 5.6070 8.1268 0.5000
159 1 0 0 5.6290 8.1268 0.5000
158 1 0 0 5.8180 7.8738 0.5000
158 1 0 0 5.8250 7.8738 0.5000
158 1 0 0 5.7420 7.8738 0.5000
157 1 0 0 5.6450 8.7112 0.5000
157 1 0 0 5.6520 8.7112 0.5000
157 1 0 0 5.6620 8.7112 0.5000
156 1 0 0 5.6620 7.6779 0.5000
156 1 0 0 5.6600 7.6779 0.5000
156 1 0 0 5.6390 7.6779 0.5000
155 1 0 0 5.5880 7.8592 0.5000
155 1 0 0 5.6240 7.8592 0.5000
155 1 0 0 5.6010 7.8592 0.5000
154 1 0 0 5.8270 7.8169 0.5000
154 1 0 0 5.8010 7.8169 0.5000
154 1 0 0 5.7540 7.8169 0.5000
153 1 0 0 5.6540 8.3175 0.5000
153 1 0 0 5.5480 8.3175 0.5000
153 1 0 0 5.6150 8.3175 0.5000
152 0 1 0 3.3840 8.1617 0.0000
152 0 1 0 3.1690 8.1617 0.0000
152 1 0 0 7.3050 8.1617 0.5000
151 1 0 0 5.9800 7.9335 0.5000
151 1 0 0 5.9850 7.9335 0.5000
151 0 1 0 3.3990 7.9335 0.0000
150 0 1 0 4.0370 7.9223 0.0000
150 0 1 0 4.0280 7.9223 0.0000
150 0 1 0 2.7570 7.9223 0.0000
149 1 0 0 5.7610 8.5702 0.5000
149 1 0 0 5.7670 8.5702 0.5000
149 1 0 0 5.7600 8.5702 0.5000
148 1 0 0 5.6980 7.9772 0.5000
148 1 0 0 5.6230 7.9772 0.5000
148 1 0 0 5.6430 7.9772 0.5000
147 1 0 0 5.6430 8.0566 0.5000
147 1 0 0 5.5870 8.0566 0.5000
147 1 0 0 5.5620 8.0566 0.5000
146 0 1 0 4.0460 8.2562 0.0000
146 0 1 0 4.1590 8.2562 0.0000
146 0 1 0 4.2480 8.2562 0.0000
145 1 0 0 5.5890 7.9406 0.5000
145 1 0 0 5.5660 7.9406 0.5000
145 1 0 0 5.6530 7.9406 0.5000
144 1 0 0 5.6770 7.9683 0.5000
144 1 0 0 5.7430 7.9683 0.5000
144 1 0 0 5.7350 7.9683 0.5000
143 1 0 0 6.5830 8.1052 0.5000
143 0 1 0 3.9470 8.1052 0.0000
143 1 0 0 7.6480 8.1052 0.5000
142 0 1 0 4.6100 8.0336 0.0000
142 0 1 0 4.4830 8.0336 0.0000
142 0 1 0 4.8250 8.0336 0.0000
141 1 0 0 5.6210 8.0581 0.5000
141 1 0 0 5.5530 8.0581 0.5000
141 1 0 0 5.6050 8.0581 0.5000
140 0 1 0 3.7070 7.8845 0.0000
140 1 0 0 6.2510 7.8845 0.5000
140 0 1 0 3.7900 7.8845 0.0000
139 1 0 0 5.6190 7.6318 0.5000
139 1 0 0 5.6200 7.6318 0.5000
139 1 0 0 5.6180 7.6318 0.5000
138 0 1 0 6.2530 9.0486 0.0000
138 0 1 0 3.7150 9.0486 0.0000
138 0 1 0 3.6220 9.0486 0.0000
137 0 1 0 2.5910 7.9894 0.0000
137 0 1 0 2.5180 7.9894 0.0000
137 0 1 0 2.5250 7.9894 0.0000
136 1 0 0 5.7060 7.9794 0.5000
136 1 0 0 5.7410 7.9794 0.5000
136 1 0 0 5.7050 7.9794 0.5000
135 0 1 0 3.2220 7.8433 0.0000
135 0 1 0 3.9150 7.8433 0.0000
135 0 1 0 3.3300 7.8433 0.0000
134 1 0 0 5.6670 7.8535 0.5000
134 1 0 0 5.6380 7.8535 0.5000
134 1 0 0 5.6200 7.8535 0.5000
133 1 0 0 5.6540 7.8878 0.5000
133 1 0 0 5.6790 7.8878 0.5000
133 1 0 0 5.6470 7.8878 0.5000
132 0 1 0 5.3740 7.8821 0.0000
132 0 1 0 3.2060 7.8821 0.0000
132 0 1 0 2.9870 7.8821 0.0000
131 1 0 0 5.6140 8.9195 0.5000
131 1 0 0 5.5750 8.9195 0.5000
131 1 0 0 5.6200 8.9195 0.5000
130 1 0 0 5.6500 8.0658 0.5000
130 1 0 0 5.6060 8.0658 0.5000
130 1 0 0 5.6350 8.0658 0.5000
129 1 0 0 6.4750 8.2893 0.5000
129 1 0 0 6.4220 8.2893 0.5000
129 1 0 0 6.3460 8.2893 0.5000
128 1 0 0 5.6520 7.9857 0.5000
128 1 0 0 5.6100 7.9857 0.5000
128 1 0 0 5.6160 7.9857 0.5000
127 0 1 0 4.8750 8.1692 0.0000
127 0 1 0 4.9760 8.1692 0.0000
127 0 1 0 4.9310 8.1692 0.0000
126 0 1 0 3.7700 7.9794 0.0000
126 0 1 0 4.0200 7.9794 0.0000
126 0 1 0 3.9440 7.9794 0.0000
125 1 0 0 5.6030 7.9724 0.5000
125 1 0 0 5.6310 7.9724 0.5000
125 1 0 0 5.6120 7.9724 0.5000
124 0 1 0 5.2090 8.8665 0.0000
124 0 1 0 3.2680 8.8665 0.0000
124 0 1 0 5.0800 8.8665 0.0000
123 1 0 0 7.5460 8.1178 0.5000
123 0 1 0 4.1330 8.1178 0.0000
123 1 0 0 7.2020 8.1178 0.5000
122 1 0 0 6.7480 8.1767 0.5000
122 0 1 0 3.9470 8.1767 0.0000
122 0 1 0 3.6310 8.1767 0.0000
121 0 1 0 3.0660 8.2653 0.0000
121 0 1 0 3.0720 8.2653 0.0000
121 0 1 0 4.2190 8.2653 0.0000
120 0 1 0 3.6450 8.1746 0.0000
120 0 1 0 3.5630 8.1746 0.0000
120 0 1 0 3.6390 8.1746 0.0000
119 0 1 0 3.1680 8.5615 0.0000
119 0 1 0 3.2420 8.5615 0.0000
119 1 0 0 6.3820 8.5615 0.5000
118 0 1 0 4.0340 8.1824 0.0000
118 0 1 0 4.2290 8.1824 0.0000
118 0 1 0 4.2550 8.1824 0.0000
117 0 1 0 3.3590 8.4771 0.0000
117 0 1 0 4.9270 8.4771 0.0000
117 0 1 0 5.8530 8.4771 0.0000
116 1 0 0 5.6540 7.7156 0.5000
116 1 0 0 5.6550 7.7156 0.5000
116 1 0 0 5.6420 7.7156 0.5000
115 1 0 0 5.6150 7.9910 0.5000
115 1 0 0 5.6440 7.9910 0.5000
115 1 0 0 5.6730 7.9910 0.5000
114 1 0 0 5.8290 8.7138 0.5000
114 1 0 0 6.0090 8.7138 0.5000
114 0 1 0 3.1330 8.7138 0.0000
113 1 0 0 6.2730 8.1481 0.5000
113 0 1 0 4.1550 8.1481 0.0000
113 0 1 0 3.3980 8.1481 0.0000
112 1 0 0 5.6510 8.4223 0.5000
112 1 0 0 5.8540 8.4223 0.5000
112 1 0 0 5.7690 8.4223 0.5000
111 0 1 0 3.4240 9.1523 0.0000
111 0 1 0 3.4540 9.1523 0.0000
111 0 1 0 3.3380 9.1523 0.0000
110 1 0 0 5.7130 8.2940 0.5000
110 1 0 0 5.7500 8.2940 0.5000
110 1 0 0 5.7560 8.2940 0.5000
109 1 0 0 5.6490 8.1010 0.5000
109 1 0 0 5.5890 8.1010 0.5000
109 1 0 0 5.5930 8.1010 0.5000
108 1 0 0 5.6300 7.8203 0.5000
108 1 0 0 5.5970 7.8203 0.5000
108 1 0 0 5.6170 7.8203 0.5000
107 1 0 0 5.8030 8.4351 0.5000
107 1 0 0 5.8610 8.4351 0.5000
107 1 0 0 5.8020 8.4351 0.5000
106 1 0 0 7.7680 8.0814 0.5000
106 0 1 0 3.7150 8.0814 0.0000
106 0 1 0 2.7620 8.0814 0.0000
105 0 1 0 4.8960 8.0305 0.0000
105 0 1 0 4.5660 8.0305 0.0000
105 1 0 0 6.9580 8.0305 0.5000
104 1 0 0 5.7370 8.0377 0.5000
104 1 0 0 5.7690 8.0377 0.5000
104 1 0 0 5.7010 8.0377 0.5000
103 0 1 0 2.6460 8.0334 0.0000
103 0 1 0 2.4080 8.0334 0.0000
103 0 1 0 2.6230 8.0334 0.0000
102 1 0 0 6.6360 7.7503 0.5000
102 1 0 0 6.5660 7.7503 0.5000
102 1 0 0 6.6360 7.7503 0.5000
101 1 0 0 5.6020 7.5407 0.5000
101 1 0 0 5.5890 7.5407 0.5000
101 1 0 0 5.6230 7.5407 0.5000
100 1 0 0 5.7350 7.8551 0.5000
100 1 0 0 5.8250 7.8551 0.5000
100 0 1 0 3.1580 7.8551 0.0000
99 0 1 0 4.4030 8.1238 0.0000
99 0 1 0 4.1480 8.1238 0.0000
99 0 1 0 4.2550 8.1238 0.0000
98 1 0 0 5.6110 7.8888 0.5000
98 1 0 0 5.6110 7.8888 0.5000
98 1 0 0 5.6110 7.8888 0.5000
97 0 1 0 2.9080 7.7844 0.0000
97 0 1 0 2.8040 7.7844 0.0000
97 0 1 0 2.8270 7.7844 0.0000
96 1 0 0 5.6530 8.0041 0.5000
96 1 0 0 5.6720 8.0041 0.5000
96 1 0 0 5.6380 8.0041 0.5000
95 1 0 0 5.6490 7.7005 0.5000
95 1 0 0 5.6320 7.7005 0.5000
95 1 0 0 5.6420 7.7005 0.5000
94 1 0 0 5.6050 7.5209 0.5000
94 1 0 0 5.6210 7.5209 0.5000
94 1 0 0 5.6130 7.5209 0.5000
93 1 0 0 5.6110 7.7830 0.5000
93 1 0 0 5.6000 7.7830 0.5000
93 1 0 0 5.6290 7.7830 0.5000
92 1 0 0 5.6270 7.6940 0.5000
92 1 0 0 5.5750 7.6940 0.5000
92 1 0 0 5.6020 7.6940 0.5000
91 0 1 0 4.9940 8.1617 0.0000
91 0 1 0 5.9800 8.1617 0.0000
91 1 0 0 6.7150 8.1617 0.5000
90 1 0 0 5.5930 7.9466 0.5000
90 1 0 0 5.6360 7.9466 0.5000
90 1 0 0 5.6130 7.9466 0.5000
89 1 0 0 5.6370 8.0393 0.5000
89 1 0 0 5.6050 8.0393 0.5000
89 1 0 0 5.6260 8.0393 0.5000
88 1 0 0 5.6540 7.7476 0.5000
88 1 0 0 5.6740 7.7476 0.5000
88 1 0 0 5.6120 7.7476 0.5000
87 1 0 0 5.6260 7.9960 0.5000
87 1 0 0 5.6030 7.9960 0.5000
87 1 0 0 5.6160 7.9960 0.5000
86 1 0 0 5.7290 7.9096 0.5000
86 1 0 0 5.8800 7.9096 0.5000
86 1 0 0 5.9310 7.9096 0.5000
85 0 1 0 3.8480 7.9264 0.0000
85 0 1 0 3.9690 7.9264 0.0000
85 0 1 0 3.8950 7.9264 0.0000
84 1 0 0 5.6020 7.8991 0.5000
84 1 0 0 5.5860 7.8991 0.5000
84 1 0 0 5.6240 7.8991 0.5000
83 1 0 0 5.7240 8.8306 0.5000
83 1 0 0 5.8070 8.8306 0.5000
83 1 0 0 5.7500 8.8306 0.5000
82 1 0 0 5.7480 9.1396 0.5000
82 1 0 0 5.7180 9.1396 0.5000
82 1 0 0 5.7160 9.1396 0.5000
81 1 0 0 5.5720 7.7123 0.5000
81 1 0 0 5.6420 7.7123 0.5000
81 1 0 0 5.6710 7.7123 0.5000
80 0 1 0 3.3780 8.0481 0.0000
80 0 1 0 2.3580 8.0481 0.0000
80 0 1 0 2.6780 8.0481 0.0000
79 1 0 0 5.6190 7.8461 0.5000
79 1 0 0 5.6360 7.8461 0.5000
79 1 0 0 5.6000 7.8461 0.5000
78 1 0 0 5.9470 9.0217 0.5000
78 1 0 0 5.8730 9.0217 0.5000
78 1 0 0 5.9660 9.0217 0.5000
77 1 0 0 5.6020 7.8372 0.5000
77 1 0 0 5.6410 7.8372 0.5000
77 1 0 0 5.6270 7.8372 0.5000
76 1 0 0 6.2240 7.8180 0.5000
76 1 0 0 5.8780 7.8180 0.5000
76 1 0 0 6.1650 7.8180 0.5000
75 1 0 0 5.6350 7.8305 0.5000
75 1 0 0 5.6210 7.8305 0.5000
75 1 0 0 5.6140 7.8305 0.5000
74 1 0 0 5.6030 8.5940 0.5000
74 1 0 0 5.6110 8.5940 0.5000
74 1 0 0 5.6030 8.5940 0.5000
73 1 0 0 5.6350 8.2208 0.5000
73 1 0 0 5.6790 8.2208 0.5000
73 1 0 0 5.6260 8.2208 0.5000
72 1 0 0 5.6280 7.7543 0.5000
72 1 0 0 5.5480 7.7543 0.5000
72 1 0 0 5.5440 7.7543 0.5000
71 1 0 0 5.5420 7.8322 0.5000
71 1 0 0 5.5570 7.8322 0.5000
71 1 0 0 5.6120 7.8322 0.5000
70 0 1 0 4.4830 7.9155 0.0000
70 0 1 0 4.3520 7.9155 0.0000
70 0 1 0 4.4850 7.9155 0.0000
69 1 0 0 5.7330 8.1977 0.5000
69 1 0 0 5.7610 8.1977 0.5000
69 1 0 0 5.7240 8.1977 0.5000
68 1 0 0 5.6230 8.2917 0.5000
68 1 0 0 5.6200 8.2917 0.5000
68 1 0 0 5.6250 8.2917 0.5000
67 1 0 0 5.6350 7.6937 0.5000
67 1 0 0 5.6020 7.6937 0.5000
67 1 0 0 5.6170 7.6937 0.5000
66 0 1 0 1.9280 7.8316 0.0000
66 0 1 0 2.1250 7.8316 0.0000
66 0 1 0 2.0190 7.8316 0.0000
65 1 0 0 5.6240 8.4451 0.5000
65 1 0 0 5.6160 8.4451 0.5000
65 1 0 0 5.5750 8.4451 0.5000
64 1 0 0 6.0490 7.9270 0.5000
64 1 0 0 6.1820 7.9270 0.5000
64 1 0 0 5.9230 7.9270 0.5000
63 1 0 0 5.6650 7.7779 0.5000
63 1 0 0 5.6960 7.7779 0.5000
63 1 0 0 5.6480 7.7779 0.5000
62 0 1 0 2.5470 8.3808 0.0000
62 0 1 0 2.3550 8.3808 0.0000
62 0 1 0 2.3410 8.3808 0.0000
61 1 0 0 5.6100 7.9289 0.5000
61 1 0 0 5.6020 7.9289 0.5000
61 1 0 0 5.6070 7.9289 0.5000
60 1 0 0 5.6150 7.9057 0.5000
60 1 0 0 5.6240 7.9057 0.5000
60 1 0 0 5.6450 7.9057 0.5000
59 1 0 0 5.7410 8.1423 0.5000
59 1 0 0 5.6020 8.1423 0.5000
59 1 0 0 5.7120 8.1423 0.5000
58 0 1 0 5.0080 8.9805 0.0000
58 0 1 0 4.7770 8.9805 0.0000
58 0 1 0 3.7380 8.9805 0.0000
57 1 0 0 5.7410 7.8134 0.5000
57 1 0 0 5.7090 7.8134 0.5000
57 1 0 0 5.7090 7.8134 0.5000
56 1 0 0 5.7360 7.7156 0.5000
56 1 0 0 5.7240 7.7156 0.5000
56 1 0 0 5.7120 7.7156 0.5000
55 1 0 0 5.7370 8.5876 0.5000
55 1 0 0 5.7070 8.5876 0.5000
55 1 0 0 5.6790 8.5876 0.5000
54 1 0 0 5.6220 7.9491 0.5000
54 1 0 0 5.6170 7.9491 0.5000
54 1 0 0 5.5710 7.9491 0.5000
53 1 0 0 5.6340 7.8473 0.5000
53 1 0 0 5.6120 7.8473 0.5000
53 1 0 0 5.7000 7.8473 0.5000
52 1 0 0 5.6960 7.8009 0.5000
52 1 0 0 5.6980 7.8009 0.5000
52 1 0 0 5.6220 7.8009 0.5000
51 1 0 0 5.6170 7.9923 0.5000
51 1 0 0 5.6350 7.9923 0.5000
51 1 0 0 5.6230 7.9923 0.5000
50 1 0 0 5.7100 8.6067 0.5000
50 1 0 0 5.6180 8.6067 0.5000
50 1 0 0 5.6380 8.6067 0.5000
49 0 1 0 4.9240 8.3051 0.0000
49 0 1 0 4.8400 8.3051 0.0000
49 1 0 0 5.9680 8.3051 0.5000
48 1 0 0 6.3280 8.1198 0.5000
48 1 0 0 6.3820 8.1198 0.5000
48 1 0 0 6.3090 8.1198 0.5000
47 1 0 0 5.6300 7.8125 0.5000
47 1 0 0 5.6150 7.8125 0.5000
47 1 0 0 5.6160 7.8125 0.5000
46 1 0 0 5.6950 7.7710 0.5000
46 1 0 0 5.7060 7.7710 0.5000
46 1 0 0 5.6460 7.7710 0.5000
45 0 1 0 4.9520 8.4464 0.0000
45 0 1 0 3.3320 8.4464 0.0000
45 0 1 0 5.0340 8.4464 0.0000
44 1 0 0 5.7500 8.4001 0.5000
44 1 0 0 5.7330 8.4001 0.5000
44 1 0 0 5.6980 8.4001 0.5000
43 1 0 0 5.7960 8.0669 0.5000
43 1 0 0 5.7850 8.0669 0.5000
43 1 0 0 5.7980 8.0669 0.5000
42 1 0 0 5.5890 8.0423 0.5000
42 1 0 0 5.6090 8.0423 0.5000
42 1 0 0 5.6050 8.0423 0.5000
41 1 0 0 5.5940 7.8746 0.5000
41 1 0 0 5.6140 7.8746 0.5000
41 1 0 0 5.5980 7.8746 0.5000
40 1 0 0 5.5940 7.8574 0.5000
40 1 0 0 5.5800 7.8574 0.5000
40 1 0 0 5.6080 7.8574 0.5000
39 1 0 0 5.6060 8.0287 0.5000
39 1 0 0 5.5870 8.0287 0.5000
39 1 0 0 5.5800 8.0287 0.5000
38 1 0 0 5.6810 8.3833 0.5000
38 1 0 0 5.6570 8.3833 0.5000
38 1 0 0 5.6690 8.3833 0.5000
37 0 1 0 3.4470 8.1582 0.0000
37 1 0 0 5.8520 8.1582 0.5000
37 0 1 0 3.2750 8.1582 0.0000
36 1 0 0 5.5770 7.7655 0.5000
36 1 0 0 5.5800 7.7655 0.5000
36 1 0 0 5.5850 7.7655 0.5000
35 1 0 0 5.6070 7.9484 0.5000
35 1 0 0 5.6140 7.9484 0.5000
35 1 0 0 5.6360 7.9484 0.5000
34 1 0 0 5.5920 7.9460 0.5000
34 1 0 0 5.6200 7.9460 0.5000
34 1 0 0 5.5920 7.9460 0.5000
33 0 1 0 4.8750 8.7517 0.0000
33 0 1 0 4.8360 8.7517 0.0000
33 0 1 0 4.9180 8.7517 0.0000
32 1 0 0 5.5480 8.1038 0.5000
32 1 0 0 5.6270 8.1038 0.5000
32 1 0 0 5.5950 8.1038 0.5000
31 1 0 0 5.7010 7.9322 0.5000
31 1 0 0 5.6930 7.9322 0.5000
31 1 0 0 5.6180 7.9322 0.5000
30 0 1 0 4.7920 8.4118 0.0000
30 0 1 0 4.7760 8.4118 0.0000
30 0 1 0 4.7360 8.4118 0.0000
29 1 0 0 5.7000 8.3082 0.5000
29 1 0 0 5.7000 8.3082 0.5000
29 1 0 0 5.6210 8.3082 0.5000
28 1 0 0 5.5910 7.9034 0.5000
28 1 0 0 5.6320 7.9034 0.5000
28 1 0 0 5.6260 7.9034 0.5000
27 1 0 0 5.5740 8.2087 0.5000
27 1 0 0 5.5930 8.2087 0.5000
27 1 0 0 5.6000 8.2087 0.5000
26 1 0 0 5.5940 8.2018 0.5000
26 1 0 0 5.6030 8.2018 0.5000
26 1 0 0 5.6300 8.2018 0.5000
25 1 0 0 5.6150 8.4024 0.5000
25 1 0 0 5.5850 8.4024 0.5000
25 1 0 0 5.6110 8.4024 0.5000
24 1 0 0 5.7950 8.6556 0.5000
24 1 0 0 5.8260 8.6556 0.5000
24 1 0 0 5.8320 8.6556 0.5000
23 0 1 0 1.7980 8.2098 0.0000
23 0 1 0 2.4480 8.2098 0.0000
23 0 1 0 2.3480 8.2098 0.0000
22 1 0 0 5.6540 8.3342 0.5000
22 1 0 0 5.6740 8.3342 0.5000
22 1 0 0 5.5790 8.3342 0.5000
21 1 0 0 5.7130 8.2299 0.5000
21 1 0 0 5.7110 8.2299 0.5000
21 1 0 0 5.6310 8.2299 0.5000
20 1 0 0 5.6220 8.0363 0.5000
20 1 0 0 5.6210 8.0363 0.5000
20 1 0 0 5.6030 8.0363 0.5000
19 0 1 0 5.4010 8.8619 0.0000
19 0 1 0 5.4520 8.8619 0.0000
19 0 1 0 5.4220 8.8619 0.0000
18 1 0 0 5.6940 8.2617 0.5000
18 1 0 0 5.6120 8.2617 0.5000
18 1 0 0 5.7060 8.2617 0.5000
17 1 0 0 5.8100 8.0132 0.5000
17 1 0 0 5.8200 8.0132 0.5000
17 1 0 0 6.1060 8.0132 0.5000
16 1 0 0 5.9800 8.4080 0.5000
16 1 0 0 5.9410 8.4080 0.5000
16 1 0 0 5.9840 8.4080 0.5000
15 1 0 0 5.6640 8.1937 0.5000
15 1 0 0 5.6930 8.1937 0.5000
15 1 0 0 5.6410 8.1937 0.5000
14 0 1 0 4.0560 8.5018 0.0000
14 1 0 0 6.2000 8.5018 0.5000
14 0 1 0 4.0460 8.5018 0.0000
13 1 0 0 5.5470 8.8614 0.5000
13 1 0 0 5.5860 8.8614 0.5000
13 1 0 0 5.6130 8.8614 0.5000
12 0 1 0 5.2980 8.3184 0.0000
12 1 0 0 6.1320 8.3184 0.5000
12 1 0 0 6.5880 8.3184 0.5000
11 1 0 0 5.5890 8.2977 0.5000
11 1 0 0 5.6040 8.2977 0.5000
11 1 0 0 5.6560 8.2977 0.5000
10 1 0 0 5.6500 8.0201 0.5000
10 1 0 0 5.6200 8.0201 0.5000
10 1 0 0 5.6240 8.0201 0.5000
9 1 0 0 5.6280 8.3008 0.5000
9 1 0 0 5.5990 8.3008 0.5000
9 1 0 0 5.5780 8.3008 0.5000
8 1 0 0 5.6970 8.1098 0.5000
8 1 0 0 5.6960 8.1098 0.5000
8 1 0 0 5.7070 8.1098 0.5000
7 1 0 0 5.5990 8.6485 0.5000
7 1 0 0 5.5870 8.6485 0.5000
7 1 0 0 5.5850 8.6485 0.5000
6 1 0 0 5.6830 8.7320 0.5000
6 1 0 0 5.6070 8.7320 0.5000
6 1 0 0 5.6080 8.7320 0.5000
5 1 0 0 5.6010 8.3924 0.5000
5 1 0 0 5.5880 8.3924 0.5000
5 1 0 0 5.5950 8.3924 0.5000
4 0 1 0 2.2110 8.4641 0.0000
4 0 1 0 2.0980 8.4641 0.0000
4 0 1 0 2.1060 8.4641 0.0000
3 1 0 0 5.5820 8.4734 0.5000
3 1 0 0 5.6020 8.4734 0.5000
3 1 0 0 5.6070 8.4734 0.5000
2 1 0 0 5.5330 8.8156 0.5000
2 1 0 0 5.6460 8.8156 0.5000
2 1 0 0 5.5500 8.8156 0.5000
1 1 0 0 5.6580 8.7136 0.5000
1 1 0 0 5.7230 8.7136 0.5000
1 1 0 0 5.7060 8.7136 0.5000
