299 0 1 0 7.3250 7.8943 0.0000
299 0 1 0 7.2450 7.8943 0.0000
299 0 1 0 7.2570 7.8943 0.0000
298 1 0 0 10.2920 8.1066 0.5000
298 1 0 0 10.2120 8.1066 0.5000
298 1 0 0 10.2640 8.1066 0.5000
297 1 0 0 10.3920 8.5215 0.5000
297 1 0 0 10.3680 8.5215 0.5000
297 1 0 0 10.3330 8.5215 0.5000
296 1 0 0 10.1190 8.1588 0.5000
296 1 0 0 10.0970 8.1588 0.5000
296 1 0 0 10.0840 8.1588 0.5000
295 1 0 0 10.2770 8.0522 0.5000
295 1 0 0 10.2460 8.0522 0.5000
295 1 0 0 10.1950 8.0522 0.5000
294 1 0 0 12.3440 8.3546 0.5000
294 1 0 0 12.5710 8.3546 0.5000
294 1 0 0 12.2200 8.3546 0.5000
293 1 0 0 10.0780 8.1166 0.5000
293 1 0 0 10.0800 8.1166 0.5000
293 1 0 0 10.0960 8.1166 0.5000
292 1 0 0 10.1490 8.3615 0.5000
292 1 0 0 10.0860 8.3615 0.5000
292 1 0 0 10.1020 8.3615 0.5000
291 1 0 0 10.3100 8.4414 0.5000
291 1 0 0 10.2460 8.4414 0.5000
291 1 0 0 10.2180 8.4414 0.5000
290 0 1 0 4.7370 8.2756 0.0000
290 1 0 0 10.7360 8.2756 0.5000
290 0 1 0 4.7020 8.2756 0.0000
289 1 0 0 10.3840 8.6135 0.5000
289 1 0 0 10.3020 8.6135 0.5000
289 1 0 0 10.3090 8.6135 0.5000
288 0 1 0 5.0250 8.7374 0.0000
288 0 1 0 4.8940 8.7374 0.0000
288 0 1 0 5.0320 8.7374 0.0000
287 0 1 0 4.6580 8.8475 0.0000
287 1 0 0 10.2850 8.8475 0.5000
287 1 0 0 10.5980 8.8475 0.5000
286 1 0 0 10.7680 8.9715 0.5000
286 1 0 0 10.7680 8.9715 0.5000
286 1 0 0 10.9030 8.9715 0.5000
285 1 0 0 10.3710 8.0789 0.5000
285 1 0 0 10.3080 8.0789 0.5000
285 1 0 0 10.2910 8.0789 0.5000
284 1 0 0 10.1380 7.9792 0.5000
284 1 0 0 10.5010 7.9792 0.5000
284 1 0 0 10.1500 7.9792 0.5000
283 1 0 0 10.2850 8.3117 0.5000
283 1 0 0 10.3100 8.3117 0.5000
283 1 0 0 10.4670 8.3117 0.5000
282 0 1 0 6.1640 8.4952 0.0000
282 1 0 0 10.9060 8.4952 0.5000
282 1 0 0 9.7440 8.4952 0.5000
281 0 1 0 6.6070 8.7492 0.0000
281 0 1 0 6.6020 8.7492 0.0000
281 0 1 0 6.4890 8.7492 0.0000
280 1 0 0 10.4870 8.8536 0.5000
280 1 0 0 10.5960 8.8536 0.5000
280 1 0 0 10.6170 8.8536 0.5000
279 1 0 0 10.0430 8.8454 0.5000
279 1 0 0 9.9850 8.8454 0.5000
279 1 0 0 9.9790 8.8454 0.5000
278 1 0 0 10.3780 7.9938 0.5000
278 1 0 0 10.5170 7.9938 0.5000
278 1 0 0 10.4010 7.9938 0.5000
277 1 0 0 10.7700 7.8863 0.5000
277 1 0 0 10.6620 7.8863 0.5000
277 1 0 0 10.6850 7.8863 0.5000
276 1 0 0 10.5840 8.7216 0.5000
276 1 0 0 11.1860 8.7216 0.5000
276 1 0 0 10.4050 8.7216 0.5000
275 1 0 0 10.4780 7.8943 0.5000
275 1 0 0 10.0530 7.8943 0.5000
275 0 1 0 3.4700 7.8943 0.0000
274 1 0 0 9.9030 8.1381 0.5000
274 1 0 0 9.9140 8.1381 0.5000
274 1 0 0 9.9480 8.1381 0.5000
273 0 1 0 3.7920 8.2953 0.0000
273 0 1 0 4.6550 8.2953 0.0000
273 0 1 0 8.6050 8.2953 0.0000
272 1 0 0 10.0880 7.8076 0.5000
272 1 0 0 10.1920 7.8076 0.5000
272 1 0 0 10.1720 7.8076 0.5000
271 0 1 0 4.7380 8.1654 0.0000
271 0 1 0 4.4300 8.1654 0.0000
271 0 1 0 3.5710 8.1654 0.0000
270 1 0 0 10.7020 8.3528 0.5000
270 1 0 0 10.5080 8.3528 0.5000
270 1 0 0 10.7170 8.3528 0.5000
269 1 0 0 9.8820 8.3235 0.5000
269 1 0 0 9.8680 8.3235 0.5000
269 1 0 0 9.9000 8.3235 0.5000
268 1 0 0 10.4470 7.9633 0.5000
268 1 0 0 10.4470 7.9633 0.5000
268 1 0 0 10.3780 7.9633 0.5000
267 1 0 0 10.3260 7.8513 0.5000
267 1 0 0 10.3020 7.8513 0.5000
267 1 0 0 10.2810 7.8513 0.5000
266 1 0 0 10.7730 9.0261 0.5000
266 1 0 0 10.7900 9.0261 0.5000
266 1 0 0 11.3010 9.0261 0.5000
265 1 0 0 11.5560 8.6869 0.5000
265 1 0 0 11.7000 8.6869 0.5000
265 1 0 0 11.6190 8.6869 0.5000
264 1 0 0 10.6800 8.4668 0.5000
264 1 0 0 10.7900 8.4668 0.5000
264 1 0 0 10.7250 8.4668 0.5000
263 1 0 0 9.9540 8.0851 0.5000
263 1 0 0 10.0000 8.0851 0.5000
263 1 0 0 9.9760 8.0851 0.5000
262 1 0 0 10.2650 7.9944 0.5000
262 1 0 0 10.3180 7.9944 0.5000
262 1 0 0 10.3440 7.9944 0.5000
261 1 0 0 9.7820 7.7656 0.5000
261 1 0 0 9.8760 7.7656 0.5000
261 1 0 0 9.8740 7.7656 0.5000
260 1 0 0 10.7100 8.1527 0.5000
260 1 0 0 10.4530 8.1527 0.5000
260 1 0 0 10.5830 8.1527 0.5000
259 1 0 0 10.2740 7.9560 0.5000
259 1 0 0 10.2720 7.9560 0.5000
259 1 0 0 10.3250 7.9560 0.5000
258 1 0 0 9.6420 9.2138 0.5000
258 1 0 0 9.6620 9.2138 0.5000
258 1 0 0 9.6660 9.2138 0.5000
257 1 0 0 9.8150 8.5552 0.5000
257 1 0 0 9.7610 8.5552 0.5000
257 1 0 0 9.8310 8.5552 0.5000
256 1 0 0 10.3950 7.7935 0.5000
256 1 0 0 10.3700 7.7935 0.5000
256 1 0 0 10.3780 7.7935 0.5000
255 1 0 0 10.1750 8.2343 0.5000
255 1 0 0 10.0620 8.2343 0.5000
255 1 0 0 10.1300 8.2343 0.5000
254 0 1 0 4.1870 8.3322 0.0000
254 1 0 0 10.5990 8.3322 0.5000
254 1 0 0 10.6500 8.3322 0.5000
253 1 0 0 10.0580 7.7807 0.5000
253 1 0 0 10.0370 7.7807 0.5000
253 1 0 0 10.0490 7.7807 0.5000
252 1 0 0 9.8050 7.6412 0.5000
252 1 0 0 9.8810 7.6412 0.5000
252 1 0 0 9.8880 7.6412 0.5000
251 1 0 0 9.7030 7.8992 0.5000
251 1 0 0 9.6850 7.8992 0.5000
251 1 0 0 9.7290 7.8992 0.5000
250 1 0 0 9.7530 7.7533 0.5000
250 1 0 0 9.7370 7.7533 0.5000
250 1 0 0 9.7420 7.7533 0.5000
249 1 0 0 10.2620 8.1320 0.5000
249 1 0 0 10.3000 8.1320 0.5000
249 1 0 0 10.2790 8.1320 0.5000
248 1 0 0 10.0510 7.9923 0.5000
248 1 0 0 10.0830 7.9923 0.5000
248 1 0 0 10.0820 7.9923 0.5000
247 1 0 0 10.0260 8.3974 0.5000
247 1 0 0 10.0370 8.3974 0.5000
247 1 0 0 10.0630 8.3974 0.5000
246 1 0 0 10.2540 7.9229 0.5000
246 1 0 0 10.2310 7.9229 0.5000
246 1 0 0 10.2810 7.9229 0.5000
245 0 1 0 6.9250 8.0073 0.0000
245 0 1 0 7.0910 8.0073 0.0000
245 0 1 0 6.9450 8.0073 0.0000
244 1 0 0 9.8010 7.8886 0.5000
244 1 0 0 9.8450 7.8886 0.5000
244 1 0 0 9.8570 7.8886 0.5000
243 1 0 0 10.4940 9.3565 0.5000
243 1 0 0 10.4020 9.3565 0.5000
243 1 0 0 10.3510 9.3565 0.5000
242 1 0 0 9.9670 7.8569 0.5000
242 1 0 0 10.0800 7.8569 0.5000
242 1 0 0 10.0640 7.8569 0.5000
241 1 0 0 10.6870 8.1083 0.5000
241 1 0 0 10.5850 8.1083 0.5000
241 1 0 0 10.6540 8.1083 0.5000
240 1 0 0 9.9140 8.8293 0.5000
240 1 0 0 9.9040 8.8293 0.5000
240 1 0 0 9.8750 8.8293 0.5000
239 1 0 0 10.3380 9.1256 0.5000
239 1 0 0 10.3340 9.1256 0.5000
239 1 0 0 10.3380 9.1256 0.5000
238 1 0 0 10.7060 8.2790 0.5000
238 1 0 0 10.9090 8.2790 0.5000
238 1 0 0 10.8320 8.2790 0.5000
237 1 0 0 9.9950 8.1846 0.5000
237 1 0 0 10.5960 8.1846 0.5000
237 1 0 0 9.8520 8.1846 0.5000
236 1 0 0 10.2080 7.8991 0.5000
236 1 0 0 10.2590 7.8991 0.5000
236 1 0 0 10.3000 7.8991 0.5000
235 1 0 0 10.2250 8.0172 0.5000
235 1 0 0 10.1620 8.0172 0.5000
235 1 0 0 10.1750 8.0172 0.5000
234 1 0 0 9.9570 7.8729 0.5000
234 1 0 0 9.9150 7.8729 0.5000
234 1 0 0 9.9490 7.8729 0.5000
233 1 0 0 9.9920 8.2097 0.5000
233 1 0 0 9.9920 8.2097 0.5000
233 1 0 0 10.0250 8.2097 0.5000
232 1 0 0 10.1550 8.5412 0.5000
232 1 0 0 10.0650 8.5412 0.5000
232 1 0 0 10.0640 8.5412 0.5000
231 1 0 0 10.7120 8.3411 0.5000
231 1 0 0 10.8640 8.3411 0.5000
231 1 0 0 10.8190 8.3411 0.5000
230 1 0 0 9.9810 8.1117 0.5000
230 1 0 0 10.0370 8.1117 0.5000
230 1 0 0 10.0390 8.1117 0.5000
229 1 0 0 10.0340 7.7993 0.5000
229 1 0 0 10.0940 7.7993 0.5000
229 1 0 0 10.0460 7.7993 0.5000
228 1 0 0 9.9800 8.7277 0.5000
228 1 0 0 9.9330 8.7277 0.5000
228 1 0 0 9.9790 8.7277 0.5000
227 1 0 0 10.0210 7.8473 0.5000
227 1 0 0 10.0640 7.8473 0.5000
227 1 0 0 10.1030 7.8473 0.5000
226 1 0 0 10.0750 7.8942 0.5000
226 1 0 0 10.3920 7.8942 0.5000
226 1 0 0 10.0040 7.8942 0.5000
225 1 0 0 9.9580 7.8481 0.5000
225 1 0 0 9.9770 7.8481 0.5000
225 1 0 0 9.9540 7.8481 0.5000
224 0 1 0 4.0150 7.9252 0.0000
224 0 1 0 4.1920 7.9252 0.0000
224 0 1 0 3.8830 7.9252 0.0000
223 1 0 0 10.0110 7.8783 0.5000
223 1 0 0 9.9650 7.8783 0.5000
223 1 0 0 10.0500 7.8783 0.5000
222 0 1 0 4.3930 8.0216 0.0000
222 0 1 0 4.0860 8.0216 0.0000
222 0 1 0 4.3930 8.0216 0.0000
221 1 0 0 10.5770 8.6512 0.5000
221 1 0 0 10.5120 8.6512 0.5000
221 1 0 0 10.6690 8.6512 0.5000
220 1 0 0 9.8490 8.0888 0.5000
220 1 0 0 9.8810 8.0888 0.5000
220 1 0 0 9.8760 8.0888 0.5000
219 0 1 0 5.8430 8.5526 0.0000
219 0 1 0 5.7730 8.5526 0.0000
219 0 1 0 5.8650 8.5526 0.0000
218 1 0 0 9.7440 8.0828 0.5000
218 1 0 0 9.7020 8.0828 0.5000
218 1 0 0 9.7120 8.0828 0.5000
217 1 0 0 10.3120 8.0196 0.5000
217 1 0 0 10.2180 8.0196 0.5000
217 1 0 0 10.2900 8.0196 0.5000
216 1 0 0 10.1580 8.0817 0.5000
216 1 0 0 10.1620 8.0817 0.5000
216 1 0 0 10.0760 8.0817 0.5000
215 1 0 0 9.8480 8.0547 0.5000
215 1 0 0 9.9230 8.0547 0.5000
215 1 0 0 9.9120 8.0547 0.5000
214 1 0 0 10.9240 8.4522 0.5000
214 1 0 0 10.9090 8.4522 0.5000
214 1 0 0 10.7510 8.4522 0.5000
213 1 0 0 10.0980 7.7458 0.5000
213 1 0 0 10.0690 7.7458 0.5000
213 1 0 0 10.0890 7.7458 0.5000
212 1 0 0 10.2330 7.9827 0.5000
212 1 0 0 10.3270 7.9827 0.5000
212 1 0 0 10.2460 7.9827 0.5000
211 1 0 0 10.0930 7.7384 0.5000
211 1 0 0 10.0590 7.7384 0.5000
211 1 0 0 10.0910 7.7384 0.5000
210 1 0 0 10.0470 7.7725 0.5000
210 1 0 0 10.0640 7.7725 0.5000
210 1 0 0 10.0930 7.7725 0.5000
209 1 0 0 10.5980 8.2509 0.5000
209 1 0 0 10.4500 8.2509 0.5000
209 1 0 0 10.5220 8.2509 0.5000
208 1 0 0 9.9630 8.3808 0.5000
208 1 0 0 9.8680 8.3808 0.5000
208 1 0 0 9.9110 8.3808 0.5000
207 0 1 0 4.4400 7.9796 0.0000
207 0 1 0 4.4370 7.9796 0.0000
207 0 1 0 4.1450 7.9796 0.0000
206 1 0 0 9.9740 8.2363 0.5000
206 1 0 0 9.8760 8.2363 0.5000
206 1 0 0 9.9390 8.2363 0.5000
205 1 0 0 10.1830 8.0101 0.5000
205 1 0 0 10.1690 8.0101 0.5000
205 1 0 0 10.1910 8.0101 0.5000
204 1 0 0 10.3000 9.3316 0.5000
204 1 0 0 10.2680 9.3316 0.5000
204 1 0 0 10.2830 9.3316 0.5000
203 1 0 0 10.1890 8.1183 0.5000
203 1 0 0 10.2040 8.1183 0.5000
203 1 0 0 10.1340 8.1183 0.5000
202 1 0 0 9.7800 7.7193 0.5000
202 1 0 0 9.7370 7.7193 0.5000
202 1 0 0 9.7100 7.7193 0.5000
201 1 0 0 10.0440 9.1857 0.5000
201 1 0 0 10.1410 9.1857 0.5000
201 1 0 0 10.1320 9.1857 0.5000
200 1 0 0 9.6600 7.8225 0.5000
200 1 0 0 9.6730 7.8225 0.5000
200 1 0 0 9.6600 7.8225 0.5000
199 1 0 0 10.3740 8.4647 0.5000
199 1 0 0 10.3680 8.4647 0.5000
199 1 0 0 10.3730 8.4647 0.5000
198 1 0 0 9.9690 8.1335 0.5000
198 1 0 0 9.9600 8.1335 0.5000
198 1 0 0 9.8900 8.1335 0.5000
197 1 0 0 11.6070 7.9041 0.5000
197 1 0 0 11.5690 7.9041 0.5000
197 1 0 0 11.7660 7.9041 0.5000
196 1 0 0 9.8550 7.8055 0.5000
196 1 0 0 9.8490 7.8055 0.5000
196 1 0 0 9.8450 7.8055 0.5000
195 1 0 0 10.1640 7.9816 0.5000
195 1 0 0 10.2010 7.9816 0.5000
195 1 0 0 10.2730 7.9816 0.5000
194 1 0 0 10.1540 7.9141 0.5000
194 1 0 0 10.1680 7.9141 0.5000
194 1 0 0 10.2000 7.9141 0.5000
193 1 0 0 10.0190 7.8801 0.5000
193 1 0 0 10.0560 7.8801 0.5000
193 1 0 0 9.9710 7.8801 0.5000
192 1 0 0 10.0310 8.0540 0.5000
192 1 0 0 9.9510 8.0540 0.5000
192 1 0 0 9.9790 8.0540 0.5000
191 0 1 0 5.4620 8.5544 0.0000
191 1 0 0 10.2640 8.5544 0.5000
191 0 1 0 5.5860 8.5544 0.0000
190 1 0 0 10.1590 7.9549 0.5000
190 1 0 0 10.1500 7.9549 0.5000
190 1 0 0 10.1660 7.9549 0.5000
189 1 0 0 10.5250 7.8867 0.5000
189 1 0 0 10.3200 7.8867 0.5000
189 1 0 0 10.3230 7.8867 0.5000
188 0 1 0 3.9720 8.0758 0.0000
188 0 1 0 3.8870 8.0758 0.0000
188 0 1 0 3.7520 8.0758 0.0000
187 1 0 0 9.9720 7.9598 0.5000
187 1 0 0 10.0500 7.9598 0.5000
187 1 0 0 10.0490 7.9598 0.5000
186 1 0 0 10.6680 8.3575 0.5000
186 1 0 0 10.6960 8.3575 0.5000
186 1 0 0 10.6770 8.3575 0.5000
185 1 0 0 10.0640 8.0579 0.5000
185 1 0 0 10.0970 8.0579 0.5000
185 1 0 0 10.0750 8.0579 0.5000
184 1 0 0 10.4660 8.5925 0.5000
184 1 0 0 10.4690 8.5925 0.5000
184 1 0 0 10.3770 8.5925 0.5000
183 1 0 0 9.9670 7.9435 0.5000
183 1 0 0 9.8570 7.9435 0.5000
183 1 0 0 9.8860 7.9435 0.5000
182 0 1 0 5.7470 7.8242 0.0000
182 0 1 0 5.6450 7.8242 0.0000
182 0 1 0 5.6540 7.8242 0.0000
181 1 0 0 10.4720 8.5661 0.5000
181 1 0 0 10.0930 8.5661 0.5000
181 1 0 0 10.1380 8.5661 0.5000
180 1 0 0 10.2810 8.1770 0.5000
180 1 0 0 10.2950 8.1770 0.5000
180 1 0 0 10.2670 8.1770 0.5000
179 1 0 0 10.0790 7.9033 0.5000
179 1 0 0 10.0770 7.9033 0.5000
179 1 0 0 10.0930 7.9033 0.5000
178 1 0 0 9.9630 7.9380 0.5000
178 1 0 0 10.0020 7.9380 0.5000
178 1 0 0 9.9530 7.9380 0.5000
177 1 0 0 9.9910 9.1208 0.5000
177 1 0 0 9.9420 9.1208 0.5000
177 1 0 0 9.8890 9.1208 0.5000
176 0 1 0 2.6150 7.9041 0.0000
176 1 0 0 11.8750 7.9041 0.5000
176 1 0 0 11.7680 7.9041 0.5000
175 1 0 0 10.4790 8.1769 0.5000
175 1 0 0 10.4530 8.1769 0.5000
175 1 0 0 10.5600 8.1769 0.5000
174 1 0 0 10.0050 7.8371 0.5000
174 1 0 0 10.0240 7.8371 0.5000
174 1 0 0 10.0300 7.8371 0.5000
173 1 0 0 9.9850 7.7193 0.5000
173 1 0 0 9.9480 7.7193 0.5000
173 1 0 0 9.8770 7.7193 0.5000
172 1 0 0 10.3710 7.8436 0.5000
172 1 0 0 10.3180 7.8436 0.5000
172 1 0 0 10.3240 7.8436 0.5000
171 1 0 0 10.0790 8.1017 0.5000
171 1 0 0 10.0340 8.1017 0.5000
171 1 0 0 10.0470 8.1017 0.5000
170 1 0 0 9.7730 8.5370 0.5000
170 1 0 0 9.7720 8.5370 0.5000
170 1 0 0 9.8220 8.5370 0.5000
169 1 0 0 10.0080 7.9483 0.5000
169 1 0 0 10.1050 7.9483 0.5000
169 1 0 0 10.0710 7.9483 0.5000
168 1 0 0 10.3320 8.2366 0.5000
168 1 0 0 10.3390 8.2366 0.5000
168 1 0 0 10.3700 8.2366 0.5000
167 1 0 0 10.8860 8.5229 0.5000
167 1 0 0 10.7340 8.5229 0.5000
167 1 0 0 11.0370 8.5229 0.5000
166 1 0 0 9.7190 7.6616 0.5000
166 1 0 0 9.7270 7.6616 0.5000
166 1 0 0 9.7370 7.6616 0.5000
165 1 0 0 10.0890 7.8863 0.5000
165 1 0 0 10.1070 7.8863 0.5000
165 1 0 0 10.0440 7.8863 0.5000
164 1 0 0 9.9030 8.6209 0.5000
164 1 0 0 9.8080 8.6209 0.5000
164 1 0 0 9.7630 8.6209 0.5000
163 0 1 0 6.1900 8.2331 0.0000
163 0 1 0 6.1780 8.2331 0.0000
163 0 1 0 6.2890 8.2331 0.0000
162 1 0 0 9.8770 7.9140 0.5000
162 1 0 0 9.9440 7.9140 0.5000
162 1 0 0 9.8820 7.9140 0.5000
161 1 0 0 10.4320 7.9445 0.5000
161 1 0 0 10.4590 7.9445 0.5000
161 1 0 0 10.4450 7.9445 0.5000
160 1 0 0 9.8810 8.1290 0.5000
160 1 0 0 9.8600 8.1290 0.5000
160 1 0 0 9.8880 8.1290 0.5000
159 1 0 0 9.9110 8.1268 0.5000
159 1 0 0 9.9670 8.1268 0.5000
159 1 0 0 9.8560 8.1268 0.5000
158 1 0 0 9.9440 7.8738 0.5000
158 1 0 0 9.9970 7.8738 0.5000
158 1 0 0 9.9830 7.8738 0.5000
157 1 0 0 10.2940 8.7112 0.5000
157 1 0 0 10.2390 8.7112 0.5000
157 1 0 0 10.2640 8.7112 0.5000
156 1 0 0 9.9830 7.6779 0.5000
156 1 0 0 10.0430 7.6779 0.5000
156 1 0 0 10.0660 7.6779 0.5000
155 1 0 0 9.9510 7.8592 0.5000
155 1 0 0 9.9450 7.8592 0.5000
155 1 0 0 9.9910 7.8592 0.5000
154 1 0 0 9.6080 7.8169 0.5000
154 1 0 0 9.6550 7.8169 0.5000
154 1 0 0 9.6680 7.8169 0.5000
153 1 0 0 10.4450 8.3175 0.5000
153 1 0 0 10.4740 8.3175 0.5000
153 1 0 0 10.4150 8.3175 0.5000
152 1 0 0 9.8730 8.1617 0.5000
152 1 0 0 9.9600 8.1617 0.5000
152 1 0 0 10.0070 8.1617 0.5000
151 1 0 0 9.8620 7.9335 0.5000
151 1 0 0 9.8590 7.9335 0.5000
151 1 0 0 9.9180 7.9335 0.5000
150 1 0 0 10.3700 7.9223 0.5000
150 1 0 0 10.2760 7.9223 0.5000
150 1 0 0 10.4160 7.9223 0.5000
149 1 0 0 9.8700 8.5702 0.5000
149 1 0 0 9.8910 8.5702 0.5000
149 1 0 0 9.9480 8.5702 0.5000
148 1 0 0 9.9080 7.9772 0.5000
148 1 0 0 9.8060 7.9772 0.5000
148 1 0 0 9.8320 7.9772 0.5000
147 1 0 0 9.7420 8.0566 0.5000
147 1 0 0 9.6650 8.0566 0.5000
147 1 0 0 9.7360 8.0566 0.5000
146 1 0 0 10.1680 8.2562 0.5000
146 1 0 0 10.0960 8.2562 0.5000
146 1 0 0 10.2280 8.2562 0.5000
145 1 0 0 9.6120 7.9406 0.5000
145 1 0 0 9.5570 7.9406 0.5000
145 1 0 0 9.6110 7.9406 0.5000
144 1 0 0 10.1970 7.9683 0.5000
144 1 0 0 10.1890 7.9683 0.5000
144 1 0 0 10.1500 7.9683 0.5000
143 1 0 0 10.7080 8.1052 0.5000
143 1 0 0 10.7770 8.1052 0.5000
143 1 0 0 11.4350 8.1052 0.5000
142 1 0 0 10.5760 8.0336 0.5000
142 1 0 0 11.7710 8.0336 0.5000
142 1 0 0 10.6090 8.0336 0.5000
141 1 0 0 9.6830 8.0581 0.5000
141 1 0 0 9.6890 8.0581 0.5000
141 1 0 0 9.6850 8.0581 0.5000
140 1 0 0 10.3070 7.8845 0.5000
140 1 0 0 10.3550 7.8845 0.5000
140 1 0 0 10.3390 7.8845 0.5000
139 1 0 0 9.5230 7.6318 0.5000
139 1 0 0 9.5600 7.6318 0.5000
139 1 0 0 9.6150 7.6318 0.5000
138 0 1 0 4.9320 9.0486 0.0000
138 0 1 0 4.5120 9.0486 0.0000
138 0 1 0 8.4360 9.0486 0.0000
137 1 0 0 10.7190 7.9894 0.5000
137 1 0 0 10.3240 7.9894 0.5000
137 1 0 0 10.5430 7.9894 0.5000
136 1 0 0 10.0810 7.9794 0.5000
136 1 0 0 10.0560 7.9794 0.5000
136 1 0 0 10.0650 7.9794 0.5000
135 1 0 0 10.3310 7.8433 0.5000
135 1 0 0 10.3330 7.8433 0.5000
135 1 0 0 10.3070 7.8433 0.5000
134 1 0 0 9.9980 7.8535 0.5000
134 1 0 0 9.9790 7.8535 0.5000
134 1 0 0 9.9660 7.8535 0.5000
133 1 0 0 9.7460 7.8878 0.5000
133 1 0 0 9.7680 7.8878 0.5000
133 1 0 0 9.7300 7.8878 0.5000
132 0 1 0 6.6030 7.8821 0.0000
132 0 1 0 5.7910 7.8821 0.0000
132 1 0 0 11.3940 7.8821 0.5000
131 1 0 0 9.9790 8.9195 0.5000
131 1 0 0 10.0840 8.9195 0.5000
131 1 0 0 9.9730 8.9195 0.5000
130 1 0 0 10.0730 8.0658 0.5000
130 1 0 0 10.1330 8.0658 0.5000
130 1 0 0 10.0750 8.0658 0.5000
129 1 0 0 10.0170 8.2893 0.5000
129 1 0 0 10.0910 8.2893 0.5000
129 1 0 0 10.1120 8.2893 0.5000
128 1 0 0 9.8660 7.9857 0.5000
128 1 0 0 9.7670 7.9857 0.5000
128 1 0 0 9.8320 7.9857 0.5000
127 0 1 0 7.0970 8.1692 0.0000
127 0 1 0 7.4350 8.1692 0.0000
127 0 1 0 7.0200 8.1692 0.0000
126 1 0 0 10.4680 7.9794 0.5000
126 1 0 0 10.5500 7.9794 0.5000
126 1 0 0 10.4730 7.9794 0.5000
125 1 0 0 9.6760 7.9724 0.5000
125 1 0 0 9.6500 7.9724 0.5000
125 1 0 0 9.6510 7.9724 0.5000
124 0 1 0 6.5450 8.8665 0.0000
124 1 0 0 10.6060 8.8665 0.5000
124 1 0 0 10.6040 8.8665 0.5000
123 1 0 0 10.3740 8.1178 0.5000
123 1 0 0 10.5170 8.1178 0.5000
123 1 0 0 10.3960 8.1178 0.5000
122 1 0 0 9.8390 8.1767 0.5000
122 1 0 0 9.9100 8.1767 0.5000
122 1 0 0 9.9150 8.1767 0.5000
121 1 0 0 10.3600 8.2653 0.5000
121 1 0 0 10.3640 8.2653 0.5000
121 1 0 0 10.2820 8.2653 0.5000
120 1 0 0 10.4470 8.1746 0.5000
120 1 0 0 10.6090 8.1746 0.5000
120 1 0 0 10.5360 8.1746 0.5000
119 1 0 0 10.0190 8.5615 0.5000
119 1 0 0 10.0000 8.5615 0.5000
119 1 0 0 10.0890 8.5615 0.5000
118 0 1 0 4.8210 8.1824 0.0000
118 0 1 0 4.8970 8.1824 0.0000
118 0 1 0 4.6940 8.1824 0.0000
117 1 0 0 10.5940 8.4771 0.5000
117 1 0 0 10.5580 8.4771 0.5000
117 1 0 0 10.6620 8.4771 0.5000
116 1 0 0 9.6940 7.7156 0.5000
116 1 0 0 9.6630 7.7156 0.5000
116 1 0 0 9.6710 7.7156 0.5000
115 1 0 0 9.9780 7.9910 0.5000
115 1 0 0 9.9850 7.9910 0.5000
115 1 0 0 9.9610 7.9910 0.5000
114 0 1 0 6.6790 8.7138 0.0000
114 0 1 0 6.3340 8.7138 0.0000
114 0 1 0 6.5960 8.7138 0.0000
113 1 0 0 10.2100 8.1481 0.5000
113 1 0 0 10.1440 8.1481 0.5000
113 1 0 0 10.1760 8.1481 0.5000
112 1 0 0 9.9540 8.4223 0.5000
112 1 0 0 9.9310 8.4223 0.5000
112 1 0 0 9.9310 8.4223 0.5000
111 0 1 0 3.9230 9.1523 0.0000
111 0 1 0 4.0160 9.1523 0.0000
111 0 1 0 3.9110 9.1523 0.0000
110 1 0 0 9.9490 8.2940 0.5000
110 1 0 0 9.9130 8.2940 0.5000
110 1 0 0 9.9850 8.2940 0.5000
109 1 0 0 9.7370 8.1010 0.5000
109 1 0 0 9.7240 8.1010 0.5000
109 1 0 0 9.7130 8.1010 0.5000
108 1 0 0 10.4400 7.8203 0.5000
108 1 0 0 10.4130 7.8203 0.5000
108 1 0 0 10.5000 7.8203 0.5000
107 1 0 0 10.3410 8.4351 0.5000
107 1 0 0 10.3700 8.4351 0.5000
107 1 0 0 10.4100 8.4351 0.5000
106 1 0 0 10.5000 8.0814 0.5000
106 1 0 0 10.4820 8.0814 0.5000
106 1 0 0 10.4760 8.0814 0.5000
105 1 0 0 10.5780 8.0305 0.5000
105 1 0 0 11.2160 8.0305 0.5000
105 1 0 0 10.5870 8.0305 0.5000
104 1 0 0 10.0380 8.0377 0.5000
104 1 0 0 10.0050 8.0377 0.5000
104 1 0 0 10.0260 8.0377 0.5000
103 1 0 0 10.3680 8.0334 0.5000
103 1 0 0 10.4050 8.0334 0.5000
103 1 0 0 10.2920 8.0334 0.5000
102 1 0 0 10.1810 7.7503 0.5000
102 1 0 0 10.1610 7.7503 0.5000
102 1 0 0 10.1640 7.7503 0.5000
101 1 0 0 9.9890 7.5407 0.5000
101 1 0 0 10.0710 7.5407 0.5000
101 1 0 0 10.0220 7.5407 0.5000
100 1 0 0 9.9940 7.8551 0.5000
100 1 0 0 9.9930 7.8551 0.5000
100 1 0 0 10.0300 7.8551 0.5000
99 1 0 0 10.1540 8.1238 0.5000
99 1 0 0 10.1560 8.1238 0.5000
99 0 1 0 3.4700 8.1238 0.0000
98 1 0 0 9.8690 7.8888 0.5000
98 1 0 0 9.8690 7.8888 0.5000
98 1 0 0 9.8680 7.8888 0.5000
97 1 0 0 10.1290 7.7844 0.5000
97 1 0 0 10.1040 7.7844 0.5000
97 1 0 0 10.0730 7.7844 0.5000
96 1 0 0 10.1220 8.0041 0.5000
96 1 0 0 10.0690 8.0041 0.5000
96 1 0 0 10.1250 8.0041 0.5000
95 1 0 0 9.6720 7.7005 0.5000
95 1 0 0 9.6420 7.7005 0.5000
95 1 0 0 9.6360 7.7005 0.5000
94 1 0 0 9.9120 7.5209 0.5000
94 1 0 0 9.9850 7.5209 0.5000
94 1 0 0 10.0350 7.5209 0.5000
93 1 0 0 9.6480 7.7830 0.5000
93 1 0 0 9.6770 7.7830 0.5000
93 1 0 0 9.6900 7.7830 0.5000
92 1 0 0 9.6930 7.6940 0.5000
92 1 0 0 9.6270 7.6940 0.5000
92 1 0 0 9.6490 7.6940 0.5000
91 1 0 0 10.3910 8.1617 0.5000
91 1 0 0 10.3900 8.1617 0.5000
91 1 0 0 10.3970 8.1617 0.5000
90 1 0 0 10.4080 7.9466 0.5000
90 1 0 0 10.4280 7.9466 0.5000
90 1 0 0 10.3320 7.9466 0.5000
89 1 0 0 9.8090 8.0393 0.5000
89 1 0 0 9.7770 8.0393 0.5000
89 1 0 0 9.8170 8.0393 0.5000
88 1 0 0 9.9210 7.7476 0.5000
88 1 0 0 9.9510 7.7476 0.5000
88 1 0 0 9.9530 7.7476 0.5000
87 1 0 0 10.3500 7.9960 0.5000
87 1 0 0 10.3890 7.9960 0.5000
87 1 0 0 10.4220 7.9960 0.5000
86 1 0 0 9.8860 7.9096 0.5000
86 1 0 0 9.9520 7.9096 0.5000
86 1 0 0 9.9000 7.9096 0.5000
85 0 1 0 3.6910 7.9264 0.0000
85 0 1 0 2.9530 7.9264 0.0000
85 0 1 0 5.0520 7.9264 0.0000
84 1 0 0 10.1120 7.8991 0.5000
84 1 0 0 10.0760 7.8991 0.5000
84 1 0 0 10.0430 7.8991 0.5000
83 1 0 0 9.9760 8.8306 0.5000
83 1 0 0 9.9550 8.8306 0.5000
83 1 0 0 9.9300 8.8306 0.5000
82 1 0 0 9.7940 9.1396 0.5000
82 1 0 0 9.8150 9.1396 0.5000
82 1 0 0 9.7860 9.1396 0.5000
81 1 0 0 10.0260 7.7123 0.5000
81 1 0 0 9.9880 7.7123 0.5000
81 1 0 0 10.0510 7.7123 0.5000
80 0 1 0 4.2220 8.0481 0.0000
80 0 1 0 2.9270 8.0481 0.0000
80 0 1 0 3.7820 8.0481 0.0000
79 1 0 0 10.0360 7.8461 0.5000
79 1 0 0 10.0220 7.8461 0.5000
79 1 0 0 10.0140 7.8461 0.5000
78 1 0 0 10.1170 9.0217 0.5000
78 1 0 0 10.1800 9.0217 0.5000
78 1 0 0 10.1720 9.0217 0.5000
77 1 0 0 9.9550 7.8372 0.5000
77 1 0 0 9.9700 7.8372 0.5000
77 1 0 0 9.9240 7.8372 0.5000
76 1 0 0 9.9390 7.8180 0.5000
76 1 0 0 9.8950 7.8180 0.5000
76 1 0 0 9.9480 7.8180 0.5000
75 1 0 0 9.5960 7.8305 0.5000
75 1 0 0 9.6770 7.8305 0.5000
75 1 0 0 9.7060 7.8305 0.5000
74 1 0 0 10.1310 8.5940 0.5000
74 1 0 0 10.1550 8.5940 0.5000
74 1 0 0 10.2010 8.5940 0.5000
73 0 1 0 4.4920 8.2208 0.0000
73 1 0 0 10.2430 8.2208 0.5000
73 1 0 0 10.1890 8.2208 0.5000
72 1 0 0 9.6590 7.7543 0.5000
72 1 0 0 9.6800 7.7543 0.5000
72 1 0 0 9.6530 7.7543 0.5000
71 1 0 0 9.6760 7.8322 0.5000
71 1 0 0 9.6140 7.8322 0.5000
71 1 0 0 9.7120 7.8322 0.5000
70 1 0 0 9.9720 7.9155 0.5000
70 1 0 0 9.9810 7.9155 0.5000
70 1 0 0 9.9570 7.9155 0.5000
69 1 0 0 9.9900 8.1977 0.5000
69 1 0 0 10.0780 8.1977 0.5000
69 1 0 0 10.0510 8.1977 0.5000
68 1 0 0 9.9270 8.2917 0.5000
68 1 0 0 9.8990 8.2917 0.5000
68 1 0 0 9.7960 8.2917 0.5000
67 1 0 0 9.6800 7.6937 0.5000
67 1 0 0 9.7000 7.6937 0.5000
67 1 0 0 9.6990 7.6937 0.5000
66 1 0 0 9.8410 7.8316 0.5000
66 1 0 0 9.8570 7.8316 0.5000
66 1 0 0 9.7830 7.8316 0.5000
65 1 0 0 9.7420 8.4451 0.5000
65 1 0 0 9.6830 8.4451 0.5000
65 1 0 0 9.8010 8.4451 0.5000
64 1 0 0 10.0310 7.9270 0.5000
64 1 0 0 10.0700 7.9270 0.5000
64 1 0 0 10.0450 7.9270 0.5000
63 1 0 0 9.8680 7.7779 0.5000
63 1 0 0 9.7990 7.7779 0.5000
63 1 0 0 9.7890 7.7779 0.5000
62 1 0 0 10.1710 8.3808 0.5000
62 1 0 0 10.2950 8.3808 0.5000
62 1 0 0 10.2570 8.3808 0.5000
61 1 0 0 9.5980 7.9289 0.5000
61 1 0 0 9.6560 7.9289 0.5000
61 1 0 0 9.5700 7.9289 0.5000
60 1 0 0 10.0290 7.9057 0.5000
60 1 0 0 10.0270 7.9057 0.5000
60 1 0 0 9.9940 7.9057 0.5000
59 1 0 0 10.4020 8.1423 0.5000
59 1 0 0 10.3650 8.1423 0.5000
59 1 0 0 10.4100 8.1423 0.5000
58 0 1 0 4.7130 8.9805 0.0000
58 0 1 0 5.4490 8.9805 0.0000
58 0 1 0 4.4180 8.9805 0.0000
57 1 0 0 9.9720 7.8134 0.5000
57 1 0 0 9.9940 7.8134 0.5000
57 1 0 0 10.0040 7.8134 0.5000
56 1 0 0 9.9830 7.7156 0.5000
56 1 0 0 9.9270 7.7156 0.5000
56 1 0 0 9.9800 7.7156 0.5000
55 1 0 0 10.0020 8.5876 0.5000
55 1 0 0 10.1710 8.5876 0.5000
55 1 0 0 10.1790 8.5876 0.5000
54 1 0 0 10.1110 7.9491 0.5000
54 1 0 0 10.0380 7.9491 0.5000
54 1 0 0 10.0690 7.9491 0.5000
53 1 0 0 10.0450 7.8473 0.5000
53 1 0 0 10.0890 7.8473 0.5000
53 1 0 0 9.9860 7.8473 0.5000
52 1 0 0 10.0660 7.8009 0.5000
52 1 0 0 10.0790 7.8009 0.5000
52 1 0 0 10.0860 7.8009 0.5000
51 1 0 0 10.2110 7.9923 0.5000
51 1 0 0 10.2870 7.9923 0.5000
51 1 0 0 10.2520 7.9923 0.5000
50 1 0 0 10.2210 8.6067 0.5000
50 1 0 0 10.2210 8.6067 0.5000
50 1 0 0 10.2550 8.6067 0.5000
49 1 0 0 9.9200 8.3051 0.5000
49 1 0 0 9.9190 8.3051 0.5000
49 1 0 0 9.9140 8.3051 0.5000
48 1 0 0 10.0690 8.1198 0.5000
48 1 0 0 10.0780 8.1198 0.5000
48 1 0 0 10.0470 8.1198 0.5000
47 1 0 0 10.0000 7.8125 0.5000
47 1 0 0 10.0420 7.8125 0.5000
47 1 0 0 9.9880 7.8125 0.5000
46 1 0 0 9.9840 7.7710 0.5000
46 1 0 0 9.9990 7.7710 0.5000
46 1 0 0 9.9350 7.7710 0.5000
45 1 0 0 10.0860 8.4464 0.5000
45 1 0 0 10.0250 8.4464 0.5000
45 1 0 0 10.0050 8.4464 0.5000
44 1 0 0 10.1040 8.4001 0.5000
44 1 0 0 10.1230 8.4001 0.5000
44 1 0 0 10.1310 8.4001 0.5000
43 1 0 0 10.0130 8.0669 0.5000
43 1 0 0 10.0510 8.0669 0.5000
43 1 0 0 10.0020 8.0669 0.5000
42 1 0 0 9.7620 8.0423 0.5000
42 1 0 0 9.7760 8.0423 0.5000
42 1 0 0 9.8240 8.0423 0.5000
41 1 0 0 9.7690 7.8746 0.5000
41 1 0 0 9.7600 7.8746 0.5000
41 1 0 0 9.7980 7.8746 0.5000
40 1 0 0 9.5930 7.8574 0.5000
40 1 0 0 9.6520 7.8574 0.5000
40 1 0 0 9.6590 7.8574 0.5000
39 1 0 0 9.5750 8.0287 0.5000
39 1 0 0 9.5830 8.0287 0.5000
39 1 0 0 9.6420 8.0287 0.5000
38 1 0 0 10.0920 8.3833 0.5000
38 1 0 0 10.0490 8.3833 0.5000
38 1 0 0 10.1040 8.3833 0.5000
37 1 0 0 10.0810 8.1582 0.5000
37 1 0 0 10.0440 8.1582 0.5000
37 1 0 0 10.0440 8.1582 0.5000
36 1 0 0 9.7940 7.7655 0.5000
36 1 0 0 9.7330 7.7655 0.5000
36 1 0 0 9.6690 7.7655 0.5000
35 1 0 0 10.0400 7.9484 0.5000
35 1 0 0 10.1060 7.9484 0.5000
35 1 0 0 10.0140 7.9484 0.5000
34 1 0 0 9.8640 7.9460 0.5000
34 1 0 0 9.8260 7.9460 0.5000
34 1 0 0 9.9450 7.9460 0.5000
33 0 1 0 5.6320 8.7517 0.0000
33 0 1 0 5.7480 8.7517 0.0000
33 0 1 0 5.7630 8.7517 0.0000
32 1 0 0 9.7150 8.1038 0.5000
32 1 0 0 9.6970 8.1038 0.5000
32 1 0 0 9.6790 8.1038 0.5000
31 1 0 0 10.0740 7.9322 0.5000
31 1 0 0 10.1000 7.9322 0.5000
31 1 0 0 10.1300 7.9322 0.5000
30 0 1 0 6.3400 8.4118 0.0000
30 0 1 0 6.3890 8.4118 0.0000
30 0 1 0 6.3740 8.4118 0.0000
29 1 0 0 10.0690 8.3082 0.5000
29 1 0 0 10.0820 8.3082 0.5000
29 1 0 0 10.0160 8.3082 0.5000
28 1 0 0 9.7580 7.9034 0.5000
28 1 0 0 9.7060 7.9034 0.5000
28 1 0 0 9.7590 7.9034 0.5000
27 1 0 0 9.7970 8.2087 0.5000
27 1 0 0 9.8730 8.2087 0.5000
27 1 0 0 9.8650 8.2087 0.5000
26 1 0 0 10.0520 8.2018 0.5000
26 1 0 0 10.1430 8.2018 0.5000
26 1 0 0 10.1780 8.2018 0.5000
25 1 0 0 9.6850 8.4024 0.5000
25 1 0 0 9.6700 8.4024 0.5000
25 1 0 0 9.6080 8.4024 0.5000
24 1 0 0 10.3740 8.6556 0.5000
24 1 0 0 10.3690 8.6556 0.5000
24 1 0 0 10.3350 8.6556 0.5000
23 1 0 0 9.7280 8.2098 0.5000
23 1 0 0 9.7900 8.2098 0.5000
23 1 0 0 9.7420 8.2098 0.5000
22 1 0 0 9.9170 8.3342 0.5000
22 1 0 0 9.9750 8.3342 0.5000
22 1 0 0 9.9390 8.3342 0.5000
21 1 0 0 10.0840 8.2299 0.5000
21 1 0 0 10.0710 8.2299 0.5000
21 1 0 0 10.1250 8.2299 0.5000
20 1 0 0 10.4430 8.0363 0.5000
20 1 0 0 10.4300 8.0363 0.5000
20 1 0 0 10.4630 8.0363 0.5000
19 1 0 0 10.1780 8.8619 0.5000
19 1 0 0 10.4660 8.8619 0.5000
19 1 0 0 10.1970 8.8619 0.5000
18 1 0 0 10.0880 8.2617 0.5000
18 1 0 0 10.1920 8.2617 0.5000
18 1 0 0 10.1420 8.2617 0.5000
17 1 0 0 10.5390 8.0132 0.5000
17 1 0 0 10.5380 8.0132 0.5000
17 1 0 0 10.6290 8.0132 0.5000
16 1 0 0 10.0530 8.4080 0.5000
16 1 0 0 10.1000 8.4080 0.5000
16 1 0 0 10.1760 8.4080 0.5000
15 1 0 0 10.1030 8.1937 0.5000
15 1 0 0 10.1450 8.1937 0.5000
15 1 0 0 10.1030 8.1937 0.5000
14 1 0 0 10.0540 8.5018 0.5000
14 1 0 0 10.0000 8.5018 0.5000
14 1 0 0 10.0130 8.5018 0.5000
13 1 0 0 9.6650 8.8614 0.5000
13 1 0 0 6.8310 8.8614 0.5000
13 1 0 0 6.8280 8.8614 0.5000
12 1 0 0 7.6660 8.3184 0.5000
12 1 0 0 7.8240 8.3184 0.5000
12 1 0 0 7.5180 8.3184 0.5000
11 1 0 0 6.9720 8.2977 0.5000
11 1 0 0 6.9710 8.2977 0.5000
11 1 0 0 6.9410 8.2977 0.5000
10 1 0 0 6.9140 8.0201 0.5000
10 1 0 0 6.9230 8.0201 0.5000
10 1 0 0 6.9660 8.0201 0.5000
9 1 0 0 6.8350 8.3008 0.5000
9 1 0 0 6.8890 8.3008 0.5000
9 1 0 0 6.9100 8.3008 0.5000
8 1 0 0 7.0460 8.1098 0.5000
8 1 0 0 7.0650 8.1098 0.5000
8 1 0 0 7.0610 8.1098 0.5000
7 1 0 0 7.0370 8.6485 0.5000
7 1 0 0 6.9550 8.6485 0.5000
7 1 0 0 6.9620 8.6485 0.5000
6 1 0 0 7.0390 8.7320 0.5000
6 1 0 0 6.9580 8.7320 0.5000
6 1 0 0 7.0380 8.7320 0.5000
5 1 0 0 6.8680 8.3924 0.5000
5 1 0 0 6.8830 8.3924 0.5000
5 1 0 0 6.8410 8.3924 0.5000
4 1 0 0 8.1510 8.4641 0.5000
4 1 0 0 8.0910 8.4641 0.5000
4 1 0 0 8.2480 8.4641 0.5000
3 1 0 0 6.8560 8.4734 0.5000
3 1 0 0 6.8290 8.4734 0.5000
3 1 0 0 6.8350 8.4734 0.5000
2 1 0 0 6.8890 8.8156 0.5000
2 1 0 0 6.9070 8.8156 0.5000
2 1 0 0 6.8360 8.8156 0.5000
1 1 0 0 6.9760 8.7136 0.5000
1 1 0 0 7.0310 8.7136 0.5000
1 1 0 0 6.9810 8.7136 0.5000
